linha,descricao,agencia,sequencia,shape_id,latitude,longitude
679,679-GROTAO X MEIER (CIRCULAR),Fetranspor,0,17549289,"-22.8468","-43.2902"
679,679-GROTAO X MEIER (CIRCULAR),Fetranspor,1,17549289,"-22.8463","-43.2896"
679,679-GROTAO X MEIER (CIRCULAR),Fetranspor,2,17549289,"-22.8462","-43.2896"
679,679-GROTAO X MEIER (CIRCULAR),Fetranspor,3,17549289,"-22.8462","-43.2896"
679,679-GROTAO X MEIER (CIRCULAR),Fetranspor,4,17549289,"-22.8462","-43.2896"
679,679-GROTAO X MEIER (CIRCULAR),Fetranspor,5,17549289,"-22.8456","-43.2889"
679,679-GROTAO X MEIER (CIRCULAR),Fetranspor,6,17549289,"-22.8456","-43.2889"
679,679-GROTAO X MEIER (CIRCULAR),Fetranspor,7,17549289,"-22.8449","-43.2883"
679,679-GROTAO X MEIER (CIRCULAR),Fetranspor,8,17549289,"-22.8449","-43.2883"
679,679-GROTAO X MEIER (CIRCULAR),Fetranspor,9,17549289,"-22.8452","-43.2879"
679,679-GROTAO X MEIER (CIRCULAR),Fetranspor,10,17549289,"-22.8454","-43.2877"
679,679-GROTAO X MEIER (CIRCULAR),Fetranspor,11,17549289,"-22.8454","-43.2877"
679,679-GROTAO X MEIER (CIRCULAR),Fetranspor,12,17549289,"-22.8447","-43.287"
679,679-GROTAO X MEIER (CIRCULAR),Fetranspor,13,17549289,"-22.8447","-43.287"
679,679-GROTAO X MEIER (CIRCULAR),Fetranspor,14,17549289,"-22.8441","-43.2864"
679,679-GROTAO X MEIER (CIRCULAR),Fetranspor,15,17549289,"-22.844","-43.2863"
679,679-GROTAO X MEIER (CIRCULAR),Fetranspor,16,17549289,"-22.844","-43.2863"
679,679-GROTAO X MEIER (CIRCULAR),Fetranspor,17,17549289,"-22.8432","-43.2856"
679,679-GROTAO X MEIER (CIRCULAR),Fetranspor,18,17549289,"-22.8432","-43.2856"
679,679-GROTAO X MEIER (CIRCULAR),Fetranspor,19,17549289,"-22.8425","-43.2848"
679,679-GROTAO X MEIER (CIRCULAR),Fetranspor,20,17549289,"-22.8425","-43.2848"
679,679-GROTAO X MEIER (CIRCULAR),Fetranspor,21,17549289,"-22.841","-43.2832"
679,679-GROTAO X MEIER (CIRCULAR),Fetranspor,22,17549289,"-22.8401","-43.2823"
679,679-GROTAO X MEIER (CIRCULAR),Fetranspor,23,17549289,"-22.8399","-43.2821"
679,679-GROTAO X MEIER (CIRCULAR),Fetranspor,24,17549289,"-22.8399","-43.2821"
679,679-GROTAO X MEIER (CIRCULAR),Fetranspor,25,17549289,"-22.8401","-43.2818"
679,679-GROTAO X MEIER (CIRCULAR),Fetranspor,26,17549289,"-22.8401","-43.2818"
679,679-GROTAO X MEIER (CIRCULAR),Fetranspor,27,17549289,"-22.8404","-43.2814"
679,679-GROTAO X MEIER (CIRCULAR),Fetranspor,28,17549289,"-22.8404","-43.2814"
679,679-GROTAO X MEIER (CIRCULAR),Fetranspor,29,17549289,"-22.8406","-43.281"
679,679-GROTAO X MEIER (CIRCULAR),Fetranspor,30,17549289,"-22.8406","-43.281"
679,679-GROTAO X MEIER (CIRCULAR),Fetranspor,31,17549289,"-22.8407","-43.2809"
679,679-GROTAO X MEIER (CIRCULAR),Fetranspor,32,17549289,"-22.8407","-43.2809"
679,679-GROTAO X MEIER (CIRCULAR),Fetranspor,33,17549289,"-22.8407","-43.2808"
679,679-GROTAO X MEIER (CIRCULAR),Fetranspor,34,17549289,"-22.8407","-43.2808"
679,679-GROTAO X MEIER (CIRCULAR),Fetranspor,35,17549289,"-22.841","-43.2803"
679,679-GROTAO X MEIER (CIRCULAR),Fetranspor,36,17549289,"-22.841","-43.2803"
679,679-GROTAO X MEIER (CIRCULAR),Fetranspor,37,17549289,"-22.8414","-43.2797"
679,679-GROTAO X MEIER (CIRCULAR),Fetranspor,38,17549289,"-22.8415","-43.2795"
679,679-GROTAO X MEIER (CIRCULAR),Fetranspor,39,17549289,"-22.8415","-43.2795"
679,679-GROTAO X MEIER (CIRCULAR),Fetranspor,40,17549289,"-22.8418","-43.2789"
679,679-GROTAO X MEIER (CIRCULAR),Fetranspor,41,17549289,"-22.8418","-43.2788"
679,679-GROTAO X MEIER (CIRCULAR),Fetranspor,42,17549289,"-22.8419","-43.2787"
679,679-GROTAO X MEIER (CIRCULAR),Fetranspor,43,17549289,"-22.842","-43.2787"
679,679-GROTAO X MEIER (CIRCULAR),Fetranspor,44,17549289,"-22.8422","-43.2787"
679,679-GROTAO X MEIER (CIRCULAR),Fetranspor,45,17549289,"-22.8422","-43.2787"
679,679-GROTAO X MEIER (CIRCULAR),Fetranspor,46,17549289,"-22.8423","-43.2786"
679,679-GROTAO X MEIER (CIRCULAR),Fetranspor,47,17549289,"-22.8423","-43.2786"
679,679-GROTAO X MEIER (CIRCULAR),Fetranspor,48,17549289,"-22.8423","-43.2786"
679,679-GROTAO X MEIER (CIRCULAR),Fetranspor,49,17549289,"-22.8423","-43.2785"
679,679-GROTAO X MEIER (CIRCULAR),Fetranspor,50,17549289,"-22.8424","-43.2785"
679,679-GROTAO X MEIER (CIRCULAR),Fetranspor,51,17549289,"-22.8424","-43.2784"
679,679-GROTAO X MEIER (CIRCULAR),Fetranspor,52,17549289,"-22.8424","-43.278"
679,679-GROTAO X MEIER (CIRCULAR),Fetranspor,53,17549289,"-22.8423","-43.2778"
679,679-GROTAO X MEIER (CIRCULAR),Fetranspor,54,17549289,"-22.8423","-43.2778"
679,679-GROTAO X MEIER (CIRCULAR),Fetranspor,55,17549289,"-22.8422","-43.2775"
679,679-GROTAO X MEIER (CIRCULAR),Fetranspor,56,17549289,"-22.8421","-43.2773"
679,679-GROTAO X MEIER (CIRCULAR),Fetranspor,57,17549289,"-22.8421","-43.2773"
679,679-GROTAO X MEIER (CIRCULAR),Fetranspor,58,17549289,"-22.8421","-43.2771"
679,679-GROTAO X MEIER (CIRCULAR),Fetranspor,59,17549289,"-22.8421","-43.2771"
679,679-GROTAO X MEIER (CIRCULAR),Fetranspor,60,17549289,"-22.842","-43.2766"
679,679-GROTAO X MEIER (CIRCULAR),Fetranspor,61,17549289,"-22.842","-43.2766"
679,679-GROTAO X MEIER (CIRCULAR),Fetranspor,62,17549289,"-22.8419","-43.2757"
679,679-GROTAO X MEIER (CIRCULAR),Fetranspor,63,17549289,"-22.8419","-43.2757"
679,679-GROTAO X MEIER (CIRCULAR),Fetranspor,64,17549289,"-22.8418","-43.2753"
679,679-GROTAO X MEIER (CIRCULAR),Fetranspor,65,17549289,"-22.8418","-43.2751"
679,679-GROTAO X MEIER (CIRCULAR),Fetranspor,66,17549289,"-22.8418","-43.2749"
679,679-GROTAO X MEIER (CIRCULAR),Fetranspor,67,17549289,"-22.8418","-43.2749"
679,679-GROTAO X MEIER (CIRCULAR),Fetranspor,68,17549289,"-22.8418","-43.2748"
679,679-GROTAO X MEIER (CIRCULAR),Fetranspor,69,17549289,"-22.8418","-43.2748"
679,679-GROTAO X MEIER (CIRCULAR),Fetranspor,70,17549289,"-22.8417","-43.2747"
679,679-GROTAO X MEIER (CIRCULAR),Fetranspor,71,17549289,"-22.8417","-43.2746"
679,679-GROTAO X MEIER (CIRCULAR),Fetranspor,72,17549289,"-22.8417","-43.2744"
679,679-GROTAO X MEIER (CIRCULAR),Fetranspor,73,17549289,"-22.8418","-43.2743"
679,679-GROTAO X MEIER (CIRCULAR),Fetranspor,74,17549289,"-22.8418","-43.2743"
679,679-GROTAO X MEIER (CIRCULAR),Fetranspor,75,17549289,"-22.842","-43.2737"
679,679-GROTAO X MEIER (CIRCULAR),Fetranspor,76,17549289,"-22.842","-43.2737"
679,679-GROTAO X MEIER (CIRCULAR),Fetranspor,77,17549289,"-22.8425","-43.2718"
679,679-GROTAO X MEIER (CIRCULAR),Fetranspor,78,17549289,"-22.8425","-43.2718"
679,679-GROTAO X MEIER (CIRCULAR),Fetranspor,79,17549289,"-22.8429","-43.2706"
679,679-GROTAO X MEIER (CIRCULAR),Fetranspor,80,17549289,"-22.8429","-43.2706"
679,679-GROTAO X MEIER (CIRCULAR),Fetranspor,81,17549289,"-22.8429","-43.2705"
679,679-GROTAO X MEIER (CIRCULAR),Fetranspor,82,17549289,"-22.8431","-43.2702"
679,679-GROTAO X MEIER (CIRCULAR),Fetranspor,83,17549289,"-22.8433","-43.2699"
679,679-GROTAO X MEIER (CIRCULAR),Fetranspor,84,17549289,"-22.8435","-43.2696"
679,679-GROTAO X MEIER (CIRCULAR),Fetranspor,85,17549289,"-22.8435","-43.2696"
679,679-GROTAO X MEIER (CIRCULAR),Fetranspor,86,17549289,"-22.8435","-43.2695"
679,679-GROTAO X MEIER (CIRCULAR),Fetranspor,87,17549289,"-22.8442","-43.2689"
679,679-GROTAO X MEIER (CIRCULAR),Fetranspor,88,17549289,"-22.8449","-43.2683"
679,679-GROTAO X MEIER (CIRCULAR),Fetranspor,89,17549289,"-22.8449","-43.2683"
679,679-GROTAO X MEIER (CIRCULAR),Fetranspor,90,17549289,"-22.8451","-43.2682"
679,679-GROTAO X MEIER (CIRCULAR),Fetranspor,91,17549289,"-22.8452","-43.2681"
679,679-GROTAO X MEIER (CIRCULAR),Fetranspor,92,17549289,"-22.8452","-43.2681"
679,679-GROTAO X MEIER (CIRCULAR),Fetranspor,93,17549289,"-22.8457","-43.2679"
679,679-GROTAO X MEIER (CIRCULAR),Fetranspor,94,17549289,"-22.8457","-43.2679"
679,679-GROTAO X MEIER (CIRCULAR),Fetranspor,95,17549289,"-22.8461","-43.2678"
679,679-GROTAO X MEIER (CIRCULAR),Fetranspor,96,17549289,"-22.8465","-43.2676"
679,679-GROTAO X MEIER (CIRCULAR),Fetranspor,97,17549289,"-22.8465","-43.2676"
679,679-GROTAO X MEIER (CIRCULAR),Fetranspor,98,17549289,"-22.8473","-43.2674"
679,679-GROTAO X MEIER (CIRCULAR),Fetranspor,99,17549289,"-22.8473","-43.2674"
679,679-GROTAO X MEIER (CIRCULAR),Fetranspor,100,17549289,"-22.848","-43.267"
679,679-GROTAO X MEIER (CIRCULAR),Fetranspor,101,17549289,"-22.848","-43.267"
679,679-GROTAO X MEIER (CIRCULAR),Fetranspor,102,17549289,"-22.8482","-43.267"
679,679-GROTAO X MEIER (CIRCULAR),Fetranspor,103,17549289,"-22.8486","-43.2667"
679,679-GROTAO X MEIER (CIRCULAR),Fetranspor,104,17549289,"-22.8486","-43.2667"
679,679-GROTAO X MEIER (CIRCULAR),Fetranspor,105,17549289,"-22.8487","-43.2667"
679,679-GROTAO X MEIER (CIRCULAR),Fetranspor,106,17549289,"-22.8489","-43.2665"
679,679-GROTAO X MEIER (CIRCULAR),Fetranspor,107,17549289,"-22.8489","-43.2665"
679,679-GROTAO X MEIER (CIRCULAR),Fetranspor,108,17549289,"-22.8496","-43.2659"
679,679-GROTAO X MEIER (CIRCULAR),Fetranspor,109,17549289,"-22.8496","-43.2659"
679,679-GROTAO X MEIER (CIRCULAR),Fetranspor,110,17549289,"-22.8497","-43.2658"
679,679-GROTAO X MEIER (CIRCULAR),Fetranspor,111,17549289,"-22.8505","-43.2649"
679,679-GROTAO X MEIER (CIRCULAR),Fetranspor,112,17549289,"-22.8506","-43.2648"
679,679-GROTAO X MEIER (CIRCULAR),Fetranspor,113,17549289,"-22.8506","-43.2647"
679,679-GROTAO X MEIER (CIRCULAR),Fetranspor,114,17549289,"-22.8506","-43.2647"
679,679-GROTAO X MEIER (CIRCULAR),Fetranspor,115,17549289,"-22.8513","-43.2642"
679,679-GROTAO X MEIER (CIRCULAR),Fetranspor,116,17549289,"-22.8513","-43.2642"
679,679-GROTAO X MEIER (CIRCULAR),Fetranspor,117,17549289,"-22.8518","-43.2639"
679,679-GROTAO X MEIER (CIRCULAR),Fetranspor,118,17549289,"-22.8519","-43.2638"
679,679-GROTAO X MEIER (CIRCULAR),Fetranspor,119,17549289,"-22.852","-43.2637"
679,679-GROTAO X MEIER (CIRCULAR),Fetranspor,120,17549289,"-22.852","-43.2637"
679,679-GROTAO X MEIER (CIRCULAR),Fetranspor,121,17549289,"-22.8522","-43.2635"
679,679-GROTAO X MEIER (CIRCULAR),Fetranspor,122,17549289,"-22.8525","-43.2631"
679,679-GROTAO X MEIER (CIRCULAR),Fetranspor,123,17549289,"-22.8526","-43.263"
679,679-GROTAO X MEIER (CIRCULAR),Fetranspor,124,17549289,"-22.8526","-43.263"
679,679-GROTAO X MEIER (CIRCULAR),Fetranspor,125,17549289,"-22.8537","-43.2618"
679,679-GROTAO X MEIER (CIRCULAR),Fetranspor,126,17549289,"-22.8538","-43.2617"
679,679-GROTAO X MEIER (CIRCULAR),Fetranspor,127,17549289,"-22.854","-43.2614"
679,679-GROTAO X MEIER (CIRCULAR),Fetranspor,128,17549289,"-22.854","-43.2614"
679,679-GROTAO X MEIER (CIRCULAR),Fetranspor,129,17549289,"-22.8542","-43.2609"
679,679-GROTAO X MEIER (CIRCULAR),Fetranspor,130,17549289,"-22.8542","-43.2609"
679,679-GROTAO X MEIER (CIRCULAR),Fetranspor,131,17549289,"-22.8543","-43.2609"
679,679-GROTAO X MEIER (CIRCULAR),Fetranspor,132,17549289,"-22.8548","-43.2605"
679,679-GROTAO X MEIER (CIRCULAR),Fetranspor,133,17549289,"-22.8548","-43.2605"
679,679-GROTAO X MEIER (CIRCULAR),Fetranspor,134,17549289,"-22.8557","-43.2598"
679,679-GROTAO X MEIER (CIRCULAR),Fetranspor,135,17549289,"-22.8557","-43.2598"
679,679-GROTAO X MEIER (CIRCULAR),Fetranspor,136,17549289,"-22.8559","-43.2596"
679,679-GROTAO X MEIER (CIRCULAR),Fetranspor,137,17549289,"-22.8562","-43.2594"
679,679-GROTAO X MEIER (CIRCULAR),Fetranspor,138,17549289,"-22.8565","-43.2592"
679,679-GROTAO X MEIER (CIRCULAR),Fetranspor,139,17549289,"-22.8566","-43.2592"
679,679-GROTAO X MEIER (CIRCULAR),Fetranspor,140,17549289,"-22.8566","-43.2592"
679,679-GROTAO X MEIER (CIRCULAR),Fetranspor,141,17549289,"-22.857","-43.259"
679,679-GROTAO X MEIER (CIRCULAR),Fetranspor,142,17549289,"-22.8576","-43.2588"
679,679-GROTAO X MEIER (CIRCULAR),Fetranspor,143,17549289,"-22.8576","-43.2588"
679,679-GROTAO X MEIER (CIRCULAR),Fetranspor,144,17549289,"-22.8587","-43.2585"
679,679-GROTAO X MEIER (CIRCULAR),Fetranspor,145,17549289,"-22.8587","-43.2585"
679,679-GROTAO X MEIER (CIRCULAR),Fetranspor,146,17549289,"-22.8603","-43.2579"
679,679-GROTAO X MEIER (CIRCULAR),Fetranspor,147,17549289,"-22.8603","-43.2579"
679,679-GROTAO X MEIER (CIRCULAR),Fetranspor,148,17549289,"-22.8612","-43.2576"
679,679-GROTAO X MEIER (CIRCULAR),Fetranspor,149,17549289,"-22.8612","-43.2576"
679,679-GROTAO X MEIER (CIRCULAR),Fetranspor,150,17549289,"-22.8628","-43.2571"
679,679-GROTAO X MEIER (CIRCULAR),Fetranspor,151,17549289,"-22.8628","-43.2571"
679,679-GROTAO X MEIER (CIRCULAR),Fetranspor,152,17549289,"-22.8653","-43.2563"
679,679-GROTAO X MEIER (CIRCULAR),Fetranspor,153,17549289,"-22.8653","-43.2563"
679,679-GROTAO X MEIER (CIRCULAR),Fetranspor,154,17549289,"-22.8663","-43.2559"
679,679-GROTAO X MEIER (CIRCULAR),Fetranspor,155,17549289,"-22.8663","-43.2559"
679,679-GROTAO X MEIER (CIRCULAR),Fetranspor,156,17549289,"-22.8666","-43.2564"
679,679-GROTAO X MEIER (CIRCULAR),Fetranspor,157,17549289,"-22.8672","-43.2573"
679,679-GROTAO X MEIER (CIRCULAR),Fetranspor,158,17549289,"-22.8673","-43.2574"
679,679-GROTAO X MEIER (CIRCULAR),Fetranspor,159,17549289,"-22.8673","-43.2574"
679,679-GROTAO X MEIER (CIRCULAR),Fetranspor,160,17549289,"-22.8674","-43.2575"
679,679-GROTAO X MEIER (CIRCULAR),Fetranspor,161,17549289,"-22.8676","-43.2577"
679,679-GROTAO X MEIER (CIRCULAR),Fetranspor,162,17549289,"-22.8677","-43.2578"
679,679-GROTAO X MEIER (CIRCULAR),Fetranspor,163,17549289,"-22.8677","-43.2578"
679,679-GROTAO X MEIER (CIRCULAR),Fetranspor,164,17549289,"-22.8678","-43.2579"
679,679-GROTAO X MEIER (CIRCULAR),Fetranspor,165,17549289,"-22.8678","-43.2579"
679,679-GROTAO X MEIER (CIRCULAR),Fetranspor,166,17549289,"-22.8682","-43.2581"
679,679-GROTAO X MEIER (CIRCULAR),Fetranspor,167,17549289,"-22.8687","-43.2584"
679,679-GROTAO X MEIER (CIRCULAR),Fetranspor,168,17549289,"-22.8687","-43.2584"
679,679-GROTAO X MEIER (CIRCULAR),Fetranspor,169,17549289,"-22.8689","-43.2584"
679,679-GROTAO X MEIER (CIRCULAR),Fetranspor,170,17549289,"-22.8695","-43.2586"
679,679-GROTAO X MEIER (CIRCULAR),Fetranspor,171,17549289,"-22.8695","-43.2586"
679,679-GROTAO X MEIER (CIRCULAR),Fetranspor,172,17549289,"-22.8695","-43.2589"
679,679-GROTAO X MEIER (CIRCULAR),Fetranspor,173,17549289,"-22.8695","-43.2589"
679,679-GROTAO X MEIER (CIRCULAR),Fetranspor,174,17549289,"-22.8696","-43.2593"
679,679-GROTAO X MEIER (CIRCULAR),Fetranspor,175,17549289,"-22.8696","-43.2593"
679,679-GROTAO X MEIER (CIRCULAR),Fetranspor,176,17549289,"-22.8697","-43.2596"
679,679-GROTAO X MEIER (CIRCULAR),Fetranspor,177,17549289,"-22.8697","-43.2596"
679,679-GROTAO X MEIER (CIRCULAR),Fetranspor,178,17549289,"-22.8697","-43.26"
679,679-GROTAO X MEIER (CIRCULAR),Fetranspor,179,17549289,"-22.8697","-43.26"
679,679-GROTAO X MEIER (CIRCULAR),Fetranspor,180,17549289,"-22.8698","-43.2603"
679,679-GROTAO X MEIER (CIRCULAR),Fetranspor,181,17549289,"-22.8699","-43.2606"
679,679-GROTAO X MEIER (CIRCULAR),Fetranspor,182,17549289,"-22.8699","-43.2606"
679,679-GROTAO X MEIER (CIRCULAR),Fetranspor,183,17549289,"-22.8699","-43.261"
679,679-GROTAO X MEIER (CIRCULAR),Fetranspor,184,17549289,"-22.87","-43.2612"
679,679-GROTAO X MEIER (CIRCULAR),Fetranspor,185,17549289,"-22.87","-43.2612"
679,679-GROTAO X MEIER (CIRCULAR),Fetranspor,186,17549289,"-22.87","-43.2617"
679,679-GROTAO X MEIER (CIRCULAR),Fetranspor,187,17549289,"-22.87","-43.2619"
679,679-GROTAO X MEIER (CIRCULAR),Fetranspor,188,17549289,"-22.87","-43.2619"
679,679-GROTAO X MEIER (CIRCULAR),Fetranspor,189,17549289,"-22.87","-43.262"
679,679-GROTAO X MEIER (CIRCULAR),Fetranspor,190,17549289,"-22.87","-43.2626"
679,679-GROTAO X MEIER (CIRCULAR),Fetranspor,191,17549289,"-22.87","-43.2626"
679,679-GROTAO X MEIER (CIRCULAR),Fetranspor,192,17549289,"-22.87","-43.2631"
679,679-GROTAO X MEIER (CIRCULAR),Fetranspor,193,17549289,"-22.87","-43.2633"
679,679-GROTAO X MEIER (CIRCULAR),Fetranspor,194,17549289,"-22.87","-43.2633"
679,679-GROTAO X MEIER (CIRCULAR),Fetranspor,195,17549289,"-22.87","-43.2634"
679,679-GROTAO X MEIER (CIRCULAR),Fetranspor,196,17549289,"-22.8699","-43.264"
679,679-GROTAO X MEIER (CIRCULAR),Fetranspor,197,17549289,"-22.8699","-43.264"
679,679-GROTAO X MEIER (CIRCULAR),Fetranspor,198,17549289,"-22.8699","-43.2642"
679,679-GROTAO X MEIER (CIRCULAR),Fetranspor,199,17549289,"-22.8699","-43.2647"
679,679-GROTAO X MEIER (CIRCULAR),Fetranspor,200,17549289,"-22.8699","-43.2647"
679,679-GROTAO X MEIER (CIRCULAR),Fetranspor,201,17549289,"-22.8698","-43.265"
679,679-GROTAO X MEIER (CIRCULAR),Fetranspor,202,17549289,"-22.8698","-43.2654"
679,679-GROTAO X MEIER (CIRCULAR),Fetranspor,203,17549289,"-22.8698","-43.2654"
679,679-GROTAO X MEIER (CIRCULAR),Fetranspor,204,17549289,"-22.8698","-43.2655"
679,679-GROTAO X MEIER (CIRCULAR),Fetranspor,205,17549289,"-22.8698","-43.2659"
679,679-GROTAO X MEIER (CIRCULAR),Fetranspor,206,17549289,"-22.8698","-43.2661"
679,679-GROTAO X MEIER (CIRCULAR),Fetranspor,207,17549289,"-22.8698","-43.2661"
679,679-GROTAO X MEIER (CIRCULAR),Fetranspor,208,17549289,"-22.8698","-43.2665"
679,679-GROTAO X MEIER (CIRCULAR),Fetranspor,209,17549289,"-22.8698","-43.2668"
679,679-GROTAO X MEIER (CIRCULAR),Fetranspor,210,17549289,"-22.8698","-43.2668"
679,679-GROTAO X MEIER (CIRCULAR),Fetranspor,211,17549289,"-22.8698","-43.2674"
679,679-GROTAO X MEIER (CIRCULAR),Fetranspor,212,17549289,"-22.8698","-43.2674"
679,679-GROTAO X MEIER (CIRCULAR),Fetranspor,213,17549289,"-22.8698","-43.2677"
679,679-GROTAO X MEIER (CIRCULAR),Fetranspor,214,17549289,"-22.8699","-43.2681"
679,679-GROTAO X MEIER (CIRCULAR),Fetranspor,215,17549289,"-22.8699","-43.2682"
679,679-GROTAO X MEIER (CIRCULAR),Fetranspor,216,17549289,"-22.8699","-43.2682"
679,679-GROTAO X MEIER (CIRCULAR),Fetranspor,217,17549289,"-22.8699","-43.2683"
679,679-GROTAO X MEIER (CIRCULAR),Fetranspor,218,17549289,"-22.8699","-43.2683"
679,679-GROTAO X MEIER (CIRCULAR),Fetranspor,219,17549289,"-22.87","-43.2684"
679,679-GROTAO X MEIER (CIRCULAR),Fetranspor,220,17549289,"-22.87","-43.2684"
679,679-GROTAO X MEIER (CIRCULAR),Fetranspor,221,17549289,"-22.8703","-43.2685"
679,679-GROTAO X MEIER (CIRCULAR),Fetranspor,222,17549289,"-22.8706","-43.2685"
679,679-GROTAO X MEIER (CIRCULAR),Fetranspor,223,17549289,"-22.871","-43.2684"
679,679-GROTAO X MEIER (CIRCULAR),Fetranspor,224,17549289,"-22.8711","-43.2684"
679,679-GROTAO X MEIER (CIRCULAR),Fetranspor,225,17549289,"-22.8716","-43.2684"
679,679-GROTAO X MEIER (CIRCULAR),Fetranspor,226,17549289,"-22.8716","-43.2684"
679,679-GROTAO X MEIER (CIRCULAR),Fetranspor,227,17549289,"-22.8718","-43.2683"
679,679-GROTAO X MEIER (CIRCULAR),Fetranspor,228,17549289,"-22.8721","-43.2683"
679,679-GROTAO X MEIER (CIRCULAR),Fetranspor,229,17549289,"-22.8721","-43.2683"
679,679-GROTAO X MEIER (CIRCULAR),Fetranspor,230,17549289,"-22.8725","-43.2682"
679,679-GROTAO X MEIER (CIRCULAR),Fetranspor,231,17549289,"-22.8725","-43.2682"
679,679-GROTAO X MEIER (CIRCULAR),Fetranspor,232,17549289,"-22.8726","-43.2682"
679,679-GROTAO X MEIER (CIRCULAR),Fetranspor,233,17549289,"-22.8727","-43.2682"
679,679-GROTAO X MEIER (CIRCULAR),Fetranspor,234,17549289,"-22.8727","-43.2682"
679,679-GROTAO X MEIER (CIRCULAR),Fetranspor,235,17549289,"-22.873","-43.2677"
679,679-GROTAO X MEIER (CIRCULAR),Fetranspor,236,17549289,"-22.8731","-43.2676"
679,679-GROTAO X MEIER (CIRCULAR),Fetranspor,237,17549289,"-22.8731","-43.2675"
679,679-GROTAO X MEIER (CIRCULAR),Fetranspor,238,17549289,"-22.8731","-43.2675"
679,679-GROTAO X MEIER (CIRCULAR),Fetranspor,239,17549289,"-22.8732","-43.2674"
679,679-GROTAO X MEIER (CIRCULAR),Fetranspor,240,17549289,"-22.8732","-43.2674"
679,679-GROTAO X MEIER (CIRCULAR),Fetranspor,241,17549289,"-22.8733","-43.2673"
679,679-GROTAO X MEIER (CIRCULAR),Fetranspor,242,17549289,"-22.8733","-43.2673"
679,679-GROTAO X MEIER (CIRCULAR),Fetranspor,243,17549289,"-22.8734","-43.2672"
679,679-GROTAO X MEIER (CIRCULAR),Fetranspor,244,17549289,"-22.8735","-43.2672"
679,679-GROTAO X MEIER (CIRCULAR),Fetranspor,245,17549289,"-22.8739","-43.267"
679,679-GROTAO X MEIER (CIRCULAR),Fetranspor,246,17549289,"-22.874","-43.267"
679,679-GROTAO X MEIER (CIRCULAR),Fetranspor,247,17549289,"-22.8741","-43.2668"
679,679-GROTAO X MEIER (CIRCULAR),Fetranspor,248,17549289,"-22.8741","-43.2667"
679,679-GROTAO X MEIER (CIRCULAR),Fetranspor,249,17549289,"-22.8742","-43.2665"
679,679-GROTAO X MEIER (CIRCULAR),Fetranspor,250,17549289,"-22.8742","-43.2665"
679,679-GROTAO X MEIER (CIRCULAR),Fetranspor,251,17549289,"-22.8742","-43.2664"
679,679-GROTAO X MEIER (CIRCULAR),Fetranspor,252,17549289,"-22.8746","-43.2661"
679,679-GROTAO X MEIER (CIRCULAR),Fetranspor,253,17549289,"-22.8747","-43.266"
679,679-GROTAO X MEIER (CIRCULAR),Fetranspor,254,17549289,"-22.8748","-43.2659"
679,679-GROTAO X MEIER (CIRCULAR),Fetranspor,255,17549289,"-22.875","-43.2659"
679,679-GROTAO X MEIER (CIRCULAR),Fetranspor,256,17549289,"-22.8751","-43.2659"
679,679-GROTAO X MEIER (CIRCULAR),Fetranspor,257,17549289,"-22.8752","-43.2659"
679,679-GROTAO X MEIER (CIRCULAR),Fetranspor,258,17549289,"-22.8759","-43.2661"
679,679-GROTAO X MEIER (CIRCULAR),Fetranspor,259,17549289,"-22.8761","-43.2662"
679,679-GROTAO X MEIER (CIRCULAR),Fetranspor,260,17549289,"-22.8762","-43.2661"
679,679-GROTAO X MEIER (CIRCULAR),Fetranspor,261,17549289,"-22.8763","-43.2661"
679,679-GROTAO X MEIER (CIRCULAR),Fetranspor,262,17549289,"-22.8765","-43.2661"
679,679-GROTAO X MEIER (CIRCULAR),Fetranspor,263,17549289,"-22.8767","-43.2659"
679,679-GROTAO X MEIER (CIRCULAR),Fetranspor,264,17549289,"-22.877","-43.2656"
679,679-GROTAO X MEIER (CIRCULAR),Fetranspor,265,17549289,"-22.8773","-43.2653"
679,679-GROTAO X MEIER (CIRCULAR),Fetranspor,266,17549289,"-22.8773","-43.2653"
679,679-GROTAO X MEIER (CIRCULAR),Fetranspor,267,17549289,"-22.8779","-43.2648"
679,679-GROTAO X MEIER (CIRCULAR),Fetranspor,268,17549289,"-22.878","-43.2648"
679,679-GROTAO X MEIER (CIRCULAR),Fetranspor,269,17549289,"-22.8781","-43.2648"
679,679-GROTAO X MEIER (CIRCULAR),Fetranspor,270,17549289,"-22.8782","-43.2648"
679,679-GROTAO X MEIER (CIRCULAR),Fetranspor,271,17549289,"-22.8782","-43.2648"
679,679-GROTAO X MEIER (CIRCULAR),Fetranspor,272,17549289,"-22.8786","-43.266"
679,679-GROTAO X MEIER (CIRCULAR),Fetranspor,273,17549289,"-22.8786","-43.266"
679,679-GROTAO X MEIER (CIRCULAR),Fetranspor,274,17549289,"-22.8788","-43.2666"
679,679-GROTAO X MEIER (CIRCULAR),Fetranspor,275,17549289,"-22.8788","-43.2666"
679,679-GROTAO X MEIER (CIRCULAR),Fetranspor,276,17549289,"-22.8789","-43.2668"
679,679-GROTAO X MEIER (CIRCULAR),Fetranspor,277,17549289,"-22.8789","-43.2668"
679,679-GROTAO X MEIER (CIRCULAR),Fetranspor,278,17549289,"-22.8791","-43.2671"
679,679-GROTAO X MEIER (CIRCULAR),Fetranspor,279,17549289,"-22.8792","-43.2673"
679,679-GROTAO X MEIER (CIRCULAR),Fetranspor,280,17549289,"-22.8794","-43.2677"
679,679-GROTAO X MEIER (CIRCULAR),Fetranspor,281,17549289,"-22.8799","-43.2683"
679,679-GROTAO X MEIER (CIRCULAR),Fetranspor,282,17549289,"-22.8801","-43.2687"
679,679-GROTAO X MEIER (CIRCULAR),Fetranspor,283,17549289,"-22.8801","-43.2687"
679,679-GROTAO X MEIER (CIRCULAR),Fetranspor,284,17549289,"-22.8801","-43.2687"
679,679-GROTAO X MEIER (CIRCULAR),Fetranspor,285,17549289,"-22.8802","-43.2689"
679,679-GROTAO X MEIER (CIRCULAR),Fetranspor,286,17549289,"-22.8802","-43.2689"
679,679-GROTAO X MEIER (CIRCULAR),Fetranspor,287,17549289,"-22.8802","-43.2689"
679,679-GROTAO X MEIER (CIRCULAR),Fetranspor,288,17549289,"-22.8803","-43.2691"
679,679-GROTAO X MEIER (CIRCULAR),Fetranspor,289,17549289,"-22.8804","-43.2692"
679,679-GROTAO X MEIER (CIRCULAR),Fetranspor,290,17549289,"-22.8804","-43.2692"
679,679-GROTAO X MEIER (CIRCULAR),Fetranspor,291,17549289,"-22.8804","-43.2692"
679,679-GROTAO X MEIER (CIRCULAR),Fetranspor,292,17549289,"-22.8805","-43.2695"
679,679-GROTAO X MEIER (CIRCULAR),Fetranspor,293,17549289,"-22.8806","-43.2697"
679,679-GROTAO X MEIER (CIRCULAR),Fetranspor,294,17549289,"-22.8806","-43.2697"
679,679-GROTAO X MEIER (CIRCULAR),Fetranspor,295,17549289,"-22.8806","-43.2697"
679,679-GROTAO X MEIER (CIRCULAR),Fetranspor,296,17549289,"-22.8806","-43.2699"
679,679-GROTAO X MEIER (CIRCULAR),Fetranspor,297,17549289,"-22.8808","-43.2703"
679,679-GROTAO X MEIER (CIRCULAR),Fetranspor,298,17549289,"-22.8808","-43.2708"
679,679-GROTAO X MEIER (CIRCULAR),Fetranspor,299,17549289,"-22.8809","-43.2713"
679,679-GROTAO X MEIER (CIRCULAR),Fetranspor,300,17549289,"-22.8809","-43.2717"
679,679-GROTAO X MEIER (CIRCULAR),Fetranspor,301,17549289,"-22.8809","-43.2721"
679,679-GROTAO X MEIER (CIRCULAR),Fetranspor,302,17549289,"-22.8807","-43.2728"
679,679-GROTAO X MEIER (CIRCULAR),Fetranspor,303,17549289,"-22.8807","-43.2728"
679,679-GROTAO X MEIER (CIRCULAR),Fetranspor,304,17549289,"-22.8807","-43.2731"
679,679-GROTAO X MEIER (CIRCULAR),Fetranspor,305,17549289,"-22.8807","-43.2731"
679,679-GROTAO X MEIER (CIRCULAR),Fetranspor,306,17549289,"-22.8808","-43.2731"
679,679-GROTAO X MEIER (CIRCULAR),Fetranspor,307,17549289,"-22.8808","-43.2731"
679,679-GROTAO X MEIER (CIRCULAR),Fetranspor,308,17549289,"-22.8808","-43.2731"
679,679-GROTAO X MEIER (CIRCULAR),Fetranspor,309,17549289,"-22.8809","-43.2731"
679,679-GROTAO X MEIER (CIRCULAR),Fetranspor,310,17549289,"-22.8809","-43.2731"
679,679-GROTAO X MEIER (CIRCULAR),Fetranspor,311,17549289,"-22.881","-43.2731"
679,679-GROTAO X MEIER (CIRCULAR),Fetranspor,312,17549289,"-22.881","-43.2731"
679,679-GROTAO X MEIER (CIRCULAR),Fetranspor,313,17549289,"-22.881","-43.2729"
679,679-GROTAO X MEIER (CIRCULAR),Fetranspor,314,17549289,"-22.881","-43.2729"
679,679-GROTAO X MEIER (CIRCULAR),Fetranspor,315,17549289,"-22.8811","-43.2721"
679,679-GROTAO X MEIER (CIRCULAR),Fetranspor,316,17549289,"-22.8811","-43.2721"
679,679-GROTAO X MEIER (CIRCULAR),Fetranspor,317,17549289,"-22.8811","-43.2716"
679,679-GROTAO X MEIER (CIRCULAR),Fetranspor,318,17549289,"-22.8811","-43.2715"
679,679-GROTAO X MEIER (CIRCULAR),Fetranspor,319,17549289,"-22.8811","-43.2715"
679,679-GROTAO X MEIER (CIRCULAR),Fetranspor,320,17549289,"-22.8812","-43.2715"
679,679-GROTAO X MEIER (CIRCULAR),Fetranspor,321,17549289,"-22.8814","-43.2714"
679,679-GROTAO X MEIER (CIRCULAR),Fetranspor,322,17549289,"-22.8823","-43.2709"
679,679-GROTAO X MEIER (CIRCULAR),Fetranspor,323,17549289,"-22.8829","-43.2705"
679,679-GROTAO X MEIER (CIRCULAR),Fetranspor,324,17549289,"-22.8829","-43.2705"
679,679-GROTAO X MEIER (CIRCULAR),Fetranspor,325,17549289,"-22.8836","-43.2701"
679,679-GROTAO X MEIER (CIRCULAR),Fetranspor,326,17549289,"-22.8839","-43.2699"
679,679-GROTAO X MEIER (CIRCULAR),Fetranspor,327,17549289,"-22.8839","-43.2699"
679,679-GROTAO X MEIER (CIRCULAR),Fetranspor,328,17549289,"-22.8838","-43.2698"
679,679-GROTAO X MEIER (CIRCULAR),Fetranspor,329,17549289,"-22.8838","-43.2698"
679,679-GROTAO X MEIER (CIRCULAR),Fetranspor,330,17549289,"-22.8839","-43.2695"
679,679-GROTAO X MEIER (CIRCULAR),Fetranspor,331,17549289,"-22.8839","-43.2693"
679,679-GROTAO X MEIER (CIRCULAR),Fetranspor,332,17549289,"-22.8841","-43.269"
679,679-GROTAO X MEIER (CIRCULAR),Fetranspor,333,17549289,"-22.8842","-43.2687"
679,679-GROTAO X MEIER (CIRCULAR),Fetranspor,334,17549289,"-22.8842","-43.2687"
679,679-GROTAO X MEIER (CIRCULAR),Fetranspor,335,17549289,"-22.8845","-43.2685"
679,679-GROTAO X MEIER (CIRCULAR),Fetranspor,336,17549289,"-22.8847","-43.2683"
679,679-GROTAO X MEIER (CIRCULAR),Fetranspor,337,17549289,"-22.8849","-43.268"
679,679-GROTAO X MEIER (CIRCULAR),Fetranspor,338,17549289,"-22.8852","-43.2676"
679,679-GROTAO X MEIER (CIRCULAR),Fetranspor,339,17549289,"-22.8852","-43.2675"
679,679-GROTAO X MEIER (CIRCULAR),Fetranspor,340,17549289,"-22.8852","-43.2675"
679,679-GROTAO X MEIER (CIRCULAR),Fetranspor,341,17549289,"-22.8853","-43.2673"
679,679-GROTAO X MEIER (CIRCULAR),Fetranspor,342,17549289,"-22.8854","-43.267"
679,679-GROTAO X MEIER (CIRCULAR),Fetranspor,343,17549289,"-22.8854","-43.2666"
679,679-GROTAO X MEIER (CIRCULAR),Fetranspor,344,17549289,"-22.8854","-43.2662"
679,679-GROTAO X MEIER (CIRCULAR),Fetranspor,345,17549289,"-22.8854","-43.2662"
679,679-GROTAO X MEIER (CIRCULAR),Fetranspor,346,17549289,"-22.8854","-43.2659"
679,679-GROTAO X MEIER (CIRCULAR),Fetranspor,347,17549289,"-22.8853","-43.2656"
679,679-GROTAO X MEIER (CIRCULAR),Fetranspor,348,17549289,"-22.8853","-43.2655"
679,679-GROTAO X MEIER (CIRCULAR),Fetranspor,349,17549289,"-22.8853","-43.2655"
679,679-GROTAO X MEIER (CIRCULAR),Fetranspor,350,17549289,"-22.8853","-43.2654"
679,679-GROTAO X MEIER (CIRCULAR),Fetranspor,351,17549289,"-22.8853","-43.2654"
679,679-GROTAO X MEIER (CIRCULAR),Fetranspor,352,17549289,"-22.8852","-43.2652"
679,679-GROTAO X MEIER (CIRCULAR),Fetranspor,353,17549289,"-22.8848","-43.2645"
679,679-GROTAO X MEIER (CIRCULAR),Fetranspor,354,17549289,"-22.8848","-43.2645"
679,679-GROTAO X MEIER (CIRCULAR),Fetranspor,355,17549289,"-22.8845","-43.2639"
679,679-GROTAO X MEIER (CIRCULAR),Fetranspor,356,17549289,"-22.8845","-43.2639"
679,679-GROTAO X MEIER (CIRCULAR),Fetranspor,357,17549289,"-22.8842","-43.2634"
679,679-GROTAO X MEIER (CIRCULAR),Fetranspor,358,17549289,"-22.8842","-43.2634"
679,679-GROTAO X MEIER (CIRCULAR),Fetranspor,359,17549289,"-22.8839","-43.263"
679,679-GROTAO X MEIER (CIRCULAR),Fetranspor,360,17549289,"-22.8839","-43.263"
679,679-GROTAO X MEIER (CIRCULAR),Fetranspor,361,17549289,"-22.8838","-43.2627"
679,679-GROTAO X MEIER (CIRCULAR),Fetranspor,362,17549289,"-22.8838","-43.2627"
679,679-GROTAO X MEIER (CIRCULAR),Fetranspor,363,17549289,"-22.8835","-43.2624"
679,679-GROTAO X MEIER (CIRCULAR),Fetranspor,364,17549289,"-22.8835","-43.2624"
679,679-GROTAO X MEIER (CIRCULAR),Fetranspor,365,17549289,"-22.8832","-43.2618"
679,679-GROTAO X MEIER (CIRCULAR),Fetranspor,366,17549289,"-22.8832","-43.2618"
679,679-GROTAO X MEIER (CIRCULAR),Fetranspor,367,17549289,"-22.8829","-43.2612"
679,679-GROTAO X MEIER (CIRCULAR),Fetranspor,368,17549289,"-22.8829","-43.2612"
679,679-GROTAO X MEIER (CIRCULAR),Fetranspor,369,17549289,"-22.8839","-43.2606"
679,679-GROTAO X MEIER (CIRCULAR),Fetranspor,370,17549289,"-22.8839","-43.2606"
679,679-GROTAO X MEIER (CIRCULAR),Fetranspor,371,17549289,"-22.8841","-43.2608"
679,679-GROTAO X MEIER (CIRCULAR),Fetranspor,372,17549289,"-22.8842","-43.261"
679,679-GROTAO X MEIER (CIRCULAR),Fetranspor,373,17549289,"-22.8849","-43.2619"
679,679-GROTAO X MEIER (CIRCULAR),Fetranspor,374,17549289,"-22.8851","-43.2625"
679,679-GROTAO X MEIER (CIRCULAR),Fetranspor,375,17549289,"-22.8856","-43.2635"
679,679-GROTAO X MEIER (CIRCULAR),Fetranspor,376,17549289,"-22.8856","-43.2635"
679,679-GROTAO X MEIER (CIRCULAR),Fetranspor,377,17549289,"-22.8856","-43.2637"
679,679-GROTAO X MEIER (CIRCULAR),Fetranspor,378,17549289,"-22.8857","-43.2639"
679,679-GROTAO X MEIER (CIRCULAR),Fetranspor,379,17549289,"-22.8857","-43.2639"
679,679-GROTAO X MEIER (CIRCULAR),Fetranspor,380,17549289,"-22.8858","-43.264"
679,679-GROTAO X MEIER (CIRCULAR),Fetranspor,381,17549289,"-22.8861","-43.2648"
679,679-GROTAO X MEIER (CIRCULAR),Fetranspor,382,17549289,"-22.8861","-43.2648"
679,679-GROTAO X MEIER (CIRCULAR),Fetranspor,383,17549289,"-22.8864","-43.2651"
679,679-GROTAO X MEIER (CIRCULAR),Fetranspor,384,17549289,"-22.8865","-43.2653"
679,679-GROTAO X MEIER (CIRCULAR),Fetranspor,385,17549289,"-22.8865","-43.2653"
679,679-GROTAO X MEIER (CIRCULAR),Fetranspor,386,17549289,"-22.8867","-43.2654"
679,679-GROTAO X MEIER (CIRCULAR),Fetranspor,387,17549289,"-22.8869","-43.2655"
679,679-GROTAO X MEIER (CIRCULAR),Fetranspor,388,17549289,"-22.888","-43.2662"
679,679-GROTAO X MEIER (CIRCULAR),Fetranspor,389,17549289,"-22.888","-43.2662"
679,679-GROTAO X MEIER (CIRCULAR),Fetranspor,390,17549289,"-22.8882","-43.2663"
679,679-GROTAO X MEIER (CIRCULAR),Fetranspor,391,17549289,"-22.8882","-43.2663"
679,679-GROTAO X MEIER (CIRCULAR),Fetranspor,392,17549289,"-22.8889","-43.2668"
679,679-GROTAO X MEIER (CIRCULAR),Fetranspor,393,17549289,"-22.8889","-43.2668"
679,679-GROTAO X MEIER (CIRCULAR),Fetranspor,394,17549289,"-22.889","-43.2668"
679,679-GROTAO X MEIER (CIRCULAR),Fetranspor,395,17549289,"-22.889","-43.2668"
679,679-GROTAO X MEIER (CIRCULAR),Fetranspor,396,17549289,"-22.889","-43.2668"
679,679-GROTAO X MEIER (CIRCULAR),Fetranspor,397,17549289,"-22.8892","-43.2669"
679,679-GROTAO X MEIER (CIRCULAR),Fetranspor,398,17549289,"-22.8895","-43.2671"
679,679-GROTAO X MEIER (CIRCULAR),Fetranspor,399,17549289,"-22.8895","-43.2671"
679,679-GROTAO X MEIER (CIRCULAR),Fetranspor,400,17549289,"-22.8896","-43.2672"
679,679-GROTAO X MEIER (CIRCULAR),Fetranspor,401,17549289,"-22.8896","-43.2672"
679,679-GROTAO X MEIER (CIRCULAR),Fetranspor,402,17549289,"-22.8901","-43.2675"
679,679-GROTAO X MEIER (CIRCULAR),Fetranspor,403,17549289,"-22.8901","-43.2675"
679,679-GROTAO X MEIER (CIRCULAR),Fetranspor,404,17549289,"-22.8905","-43.2678"
679,679-GROTAO X MEIER (CIRCULAR),Fetranspor,405,17549289,"-22.8905","-43.2678"
679,679-GROTAO X MEIER (CIRCULAR),Fetranspor,406,17549289,"-22.8908","-43.268"
679,679-GROTAO X MEIER (CIRCULAR),Fetranspor,407,17549289,"-22.8913","-43.2683"
679,679-GROTAO X MEIER (CIRCULAR),Fetranspor,408,17549289,"-22.8914","-43.2683"
679,679-GROTAO X MEIER (CIRCULAR),Fetranspor,409,17549289,"-22.8914","-43.2683"
679,679-GROTAO X MEIER (CIRCULAR),Fetranspor,410,17549289,"-22.8915","-43.2684"
679,679-GROTAO X MEIER (CIRCULAR),Fetranspor,411,17549289,"-22.8916","-43.2685"
679,679-GROTAO X MEIER (CIRCULAR),Fetranspor,412,17549289,"-22.8916","-43.2685"
679,679-GROTAO X MEIER (CIRCULAR),Fetranspor,413,17549289,"-22.8915","-43.2685"
679,679-GROTAO X MEIER (CIRCULAR),Fetranspor,414,17549289,"-22.8906","-43.2699"
679,679-GROTAO X MEIER (CIRCULAR),Fetranspor,415,17549289,"-22.8902","-43.2705"
679,679-GROTAO X MEIER (CIRCULAR),Fetranspor,416,17549289,"-22.8901","-43.2706"
679,679-GROTAO X MEIER (CIRCULAR),Fetranspor,417,17549289,"-22.8901","-43.2706"
679,679-GROTAO X MEIER (CIRCULAR),Fetranspor,418,17549289,"-22.8916","-43.2713"
679,679-GROTAO X MEIER (CIRCULAR),Fetranspor,419,17549289,"-22.8916","-43.2713"
679,679-GROTAO X MEIER (CIRCULAR),Fetranspor,420,17549289,"-22.8922","-43.2716"
679,679-GROTAO X MEIER (CIRCULAR),Fetranspor,421,17549289,"-22.8922","-43.2716"
679,679-GROTAO X MEIER (CIRCULAR),Fetranspor,422,17549289,"-22.8935","-43.2722"
679,679-GROTAO X MEIER (CIRCULAR),Fetranspor,423,17549289,"-22.8935","-43.2722"
679,679-GROTAO X MEIER (CIRCULAR),Fetranspor,424,17549289,"-22.894","-43.2724"
679,679-GROTAO X MEIER (CIRCULAR),Fetranspor,425,17549289,"-22.894","-43.2724"
679,679-GROTAO X MEIER (CIRCULAR),Fetranspor,426,17549289,"-22.8943","-43.2727"
679,679-GROTAO X MEIER (CIRCULAR),Fetranspor,427,17549289,"-22.8943","-43.2727"
679,679-GROTAO X MEIER (CIRCULAR),Fetranspor,428,17549289,"-22.8953","-43.274"
679,679-GROTAO X MEIER (CIRCULAR),Fetranspor,429,17549289,"-22.8953","-43.274"
679,679-GROTAO X MEIER (CIRCULAR),Fetranspor,430,17549289,"-22.8959","-43.2746"
679,679-GROTAO X MEIER (CIRCULAR),Fetranspor,431,17549289,"-22.8959","-43.2746"
679,679-GROTAO X MEIER (CIRCULAR),Fetranspor,432,17549289,"-22.8959","-43.2746"
679,679-GROTAO X MEIER (CIRCULAR),Fetranspor,433,17549289,"-22.8959","-43.2746"
679,679-GROTAO X MEIER (CIRCULAR),Fetranspor,434,17549289,"-22.8963","-43.275"
679,679-GROTAO X MEIER (CIRCULAR),Fetranspor,435,17549289,"-22.8964","-43.2752"
679,679-GROTAO X MEIER (CIRCULAR),Fetranspor,436,17549289,"-22.8964","-43.2752"
679,679-GROTAO X MEIER (CIRCULAR),Fetranspor,437,17549289,"-22.8967","-43.2755"
679,679-GROTAO X MEIER (CIRCULAR),Fetranspor,438,17549289,"-22.8967","-43.2755"
679,679-GROTAO X MEIER (CIRCULAR),Fetranspor,439,17549289,"-22.8971","-43.276"
679,679-GROTAO X MEIER (CIRCULAR),Fetranspor,440,17549289,"-22.8982","-43.2773"
679,679-GROTAO X MEIER (CIRCULAR),Fetranspor,441,17549289,"-22.8984","-43.2774"
679,679-GROTAO X MEIER (CIRCULAR),Fetranspor,442,17549289,"-22.8984","-43.2774"
679,679-GROTAO X MEIER (CIRCULAR),Fetranspor,443,17549289,"-22.8984","-43.2775"
679,679-GROTAO X MEIER (CIRCULAR),Fetranspor,444,17549289,"-22.8985","-43.2775"
679,679-GROTAO X MEIER (CIRCULAR),Fetranspor,445,17549289,"-22.8985","-43.2775"
679,679-GROTAO X MEIER (CIRCULAR),Fetranspor,446,17549289,"-22.8985","-43.2776"
679,679-GROTAO X MEIER (CIRCULAR),Fetranspor,447,17549289,"-22.8993","-43.2785"
679,679-GROTAO X MEIER (CIRCULAR),Fetranspor,448,17549289,"-22.8993","-43.2785"
679,679-GROTAO X MEIER (CIRCULAR),Fetranspor,449,17549289,"-22.9001","-43.2794"
679,679-GROTAO X MEIER (CIRCULAR),Fetranspor,450,17549289,"-22.9002","-43.2795"
679,679-GROTAO X MEIER (CIRCULAR),Fetranspor,451,17549289,"-22.9002","-43.2796"
679,679-GROTAO X MEIER (CIRCULAR),Fetranspor,452,17549289,"-22.9003","-43.2797"
679,679-GROTAO X MEIER (CIRCULAR),Fetranspor,453,17549289,"-22.9002","-43.2799"
679,679-GROTAO X MEIER (CIRCULAR),Fetranspor,454,17549289,"-22.9002","-43.28"
679,679-GROTAO X MEIER (CIRCULAR),Fetranspor,455,17549289,"-22.9002","-43.2802"
679,679-GROTAO X MEIER (CIRCULAR),Fetranspor,456,17549289,"-22.9001","-43.2802"
679,679-GROTAO X MEIER (CIRCULAR),Fetranspor,457,17549289,"-22.9001","-43.2803"
679,679-GROTAO X MEIER (CIRCULAR),Fetranspor,458,17549289,"-22.9","-43.2804"
679,679-GROTAO X MEIER (CIRCULAR),Fetranspor,459,17549289,"-22.8998","-43.2806"
679,679-GROTAO X MEIER (CIRCULAR),Fetranspor,460,17549289,"-22.8998","-43.2806"
679,679-GROTAO X MEIER (CIRCULAR),Fetranspor,461,17549289,"-22.8997","-43.2807"
679,679-GROTAO X MEIER (CIRCULAR),Fetranspor,462,17549289,"-22.8997","-43.2807"
679,679-GROTAO X MEIER (CIRCULAR),Fetranspor,463,17549289,"-22.8997","-43.2808"
679,679-GROTAO X MEIER (CIRCULAR),Fetranspor,464,17549289,"-22.8997","-43.2809"
679,679-GROTAO X MEIER (CIRCULAR),Fetranspor,465,17549289,"-22.8997","-43.281"
679,679-GROTAO X MEIER (CIRCULAR),Fetranspor,466,17549289,"-22.8998","-43.2811"
679,679-GROTAO X MEIER (CIRCULAR),Fetranspor,467,17549289,"-22.8999","-43.2813"
679,679-GROTAO X MEIER (CIRCULAR),Fetranspor,468,17549289,"-22.8999","-43.2813"
679,679-GROTAO X MEIER (CIRCULAR),Fetranspor,469,17549289,"-22.9","-43.2814"
679,679-GROTAO X MEIER (CIRCULAR),Fetranspor,470,17549289,"-22.9005","-43.2819"
679,679-GROTAO X MEIER (CIRCULAR),Fetranspor,471,17549289,"-22.9005","-43.2819"
679,679-GROTAO X MEIER (CIRCULAR),Fetranspor,472,17549289,"-22.9008","-43.2822"
679,679-GROTAO X MEIER (CIRCULAR),Fetranspor,473,17549289,"-22.9009","-43.2823"
679,679-GROTAO X MEIER (CIRCULAR),Fetranspor,474,17549289,"-22.901","-43.2824"
679,679-GROTAO X MEIER (CIRCULAR),Fetranspor,475,17549289,"-22.901","-43.2824"
679,679-GROTAO X MEIER (CIRCULAR),Fetranspor,476,17549289,"-22.901","-43.2824"
679,679-GROTAO X MEIER (CIRCULAR),Fetranspor,477,17549289,"-22.901","-43.2823"
679,679-GROTAO X MEIER (CIRCULAR),Fetranspor,478,17549289,"-22.9011","-43.2823"
679,679-GROTAO X MEIER (CIRCULAR),Fetranspor,479,17549289,"-22.9011","-43.2823"
679,679-GROTAO X MEIER (CIRCULAR),Fetranspor,480,17549289,"-22.9014","-43.2819"
679,679-GROTAO X MEIER (CIRCULAR),Fetranspor,481,17549289,"-22.9014","-43.2819"
679,679-GROTAO X MEIER (CIRCULAR),Fetranspor,482,17549289,"-22.9018","-43.2815"
679,679-GROTAO X MEIER (CIRCULAR),Fetranspor,483,17549289,"-22.9018","-43.2815"
679,679-GROTAO X MEIER (CIRCULAR),Fetranspor,484,17549289,"-22.9022","-43.2811"
679,679-GROTAO X MEIER (CIRCULAR),Fetranspor,485,17549289,"-22.9023","-43.281"
679,679-GROTAO X MEIER (CIRCULAR),Fetranspor,486,17549289,"-22.9023","-43.281"
679,679-GROTAO X MEIER (CIRCULAR),Fetranspor,487,17549289,"-22.9024","-43.2813"
679,679-GROTAO X MEIER (CIRCULAR),Fetranspor,488,17549289,"-22.9025","-43.2815"
679,679-GROTAO X MEIER (CIRCULAR),Fetranspor,489,17549289,"-22.9025","-43.2815"
679,679-GROTAO X MEIER (CIRCULAR),Fetranspor,490,17549289,"-22.9026","-43.2817"
679,679-GROTAO X MEIER (CIRCULAR),Fetranspor,491,17549289,"-22.903","-43.2826"
679,679-GROTAO X MEIER (CIRCULAR),Fetranspor,492,17549289,"-22.9032","-43.2829"
679,679-GROTAO X MEIER (CIRCULAR),Fetranspor,493,17549289,"-22.9033","-43.2832"
679,679-GROTAO X MEIER (CIRCULAR),Fetranspor,494,17549289,"-22.9035","-43.2839"
679,679-GROTAO X MEIER (CIRCULAR),Fetranspor,495,17549289,"-22.9036","-43.2843"
679,679-GROTAO X MEIER (CIRCULAR),Fetranspor,496,17549289,"-22.9036","-43.2843"
679,679-GROTAO X MEIER (CIRCULAR),Fetranspor,497,17549289,"-22.9037","-43.2845"
679,679-GROTAO X MEIER (CIRCULAR),Fetranspor,498,17549289,"-22.904","-43.2851"
679,679-GROTAO X MEIER (CIRCULAR),Fetranspor,499,17549289,"-22.904","-43.2852"
679,679-GROTAO X MEIER (CIRCULAR),Fetranspor,500,17549289,"-22.904","-43.2853"
679,679-GROTAO X MEIER (CIRCULAR),Fetranspor,501,17549289,"-22.9041","-43.2855"
679,679-GROTAO X MEIER (CIRCULAR),Fetranspor,502,17549289,"-22.9042","-43.2857"
679,679-GROTAO X MEIER (CIRCULAR),Fetranspor,503,17549289,"-22.9042","-43.286"
679,679-GROTAO X MEIER (CIRCULAR),Fetranspor,504,17549289,"-22.9042","-43.286"
679,679-GROTAO X MEIER (CIRCULAR),Fetranspor,505,17549289,"-22.9043","-43.2865"
679,679-GROTAO X MEIER (CIRCULAR),Fetranspor,506,17549289,"-22.9043","-43.2865"
679,679-GROTAO X MEIER (CIRCULAR),Fetranspor,507,17549289,"-22.9043","-43.2867"
679,679-GROTAO X MEIER (CIRCULAR),Fetranspor,508,17549289,"-22.9043","-43.2867"
679,679-GROTAO X MEIER (CIRCULAR),Fetranspor,509,17549289,"-22.9044","-43.2873"
679,679-GROTAO X MEIER (CIRCULAR),Fetranspor,510,17549289,"-22.9044","-43.2873"
679,679-GROTAO X MEIER (CIRCULAR),Fetranspor,511,17549289,"-22.9044","-43.2876"
679,679-GROTAO X MEIER (CIRCULAR),Fetranspor,512,17549289,"-22.9045","-43.2879"
679,679-GROTAO X MEIER (CIRCULAR),Fetranspor,513,17549289,"-22.9045","-43.288"
679,679-GROTAO X MEIER (CIRCULAR),Fetranspor,514,17549289,"-22.9045","-43.288"
679,679-GROTAO X MEIER (CIRCULAR),Fetranspor,515,17549289,"-22.9045","-43.2881"
679,679-GROTAO X MEIER (CIRCULAR),Fetranspor,516,17549289,"-22.9048","-43.2888"
679,679-GROTAO X MEIER (CIRCULAR),Fetranspor,517,17549289,"-22.9048","-43.2889"
679,679-GROTAO X MEIER (CIRCULAR),Fetranspor,518,17549289,"-22.9048","-43.2889"
679,679-GROTAO X MEIER (CIRCULAR),Fetranspor,519,17549289,"-22.9049","-43.289"
679,679-GROTAO X MEIER (CIRCULAR),Fetranspor,520,17549289,"-22.905","-43.2893"
679,679-GROTAO X MEIER (CIRCULAR),Fetranspor,521,17549289,"-22.905","-43.2895"
679,679-GROTAO X MEIER (CIRCULAR),Fetranspor,522,17549289,"-22.9051","-43.2898"
679,679-GROTAO X MEIER (CIRCULAR),Fetranspor,523,17549289,"-22.9051","-43.2898"
679,679-GROTAO X MEIER (CIRCULAR),Fetranspor,524,17549289,"-22.9051","-43.29"
679,679-GROTAO X MEIER (CIRCULAR),Fetranspor,525,17549289,"-22.9051","-43.29"
679,679-GROTAO X MEIER (CIRCULAR),Fetranspor,526,17549289,"-22.9051","-43.2906"
679,679-GROTAO X MEIER (CIRCULAR),Fetranspor,527,17549289,"-22.9051","-43.2907"
679,679-GROTAO X MEIER (CIRCULAR),Fetranspor,528,17549289,"-22.9051","-43.2907"
679,679-GROTAO X MEIER (CIRCULAR),Fetranspor,529,17549289,"-22.905","-43.2907"
679,679-GROTAO X MEIER (CIRCULAR),Fetranspor,530,17549289,"-22.9038","-43.2908"
679,679-GROTAO X MEIER (CIRCULAR),Fetranspor,531,17549289,"-22.9038","-43.2908"
679,679-GROTAO X MEIER (CIRCULAR),Fetranspor,532,17549289,"-22.9036","-43.2908"
679,679-GROTAO X MEIER (CIRCULAR),Fetranspor,533,17549289,"-22.9029","-43.2908"
679,679-GROTAO X MEIER (CIRCULAR),Fetranspor,534,17549289,"-22.9029","-43.2908"
679,679-GROTAO X MEIER (CIRCULAR),Fetranspor,535,17549289,"-22.9026","-43.2908"
679,679-GROTAO X MEIER (CIRCULAR),Fetranspor,536,17549289,"-22.9023","-43.2908"
679,679-GROTAO X MEIER (CIRCULAR),Fetranspor,537,17549289,"-22.902","-43.2907"
679,679-GROTAO X MEIER (CIRCULAR),Fetranspor,538,17549289,"-22.9019","-43.2907"
679,679-GROTAO X MEIER (CIRCULAR),Fetranspor,0,17756256,"-22.9019","-43.2907"
679,679-GROTAO X MEIER (CIRCULAR),Fetranspor,1,17756256,"-22.9016","-43.2906"
679,679-GROTAO X MEIER (CIRCULAR),Fetranspor,2,17756256,"-22.901","-43.2904"
679,679-GROTAO X MEIER (CIRCULAR),Fetranspor,3,17756256,"-22.9006","-43.2903"
679,679-GROTAO X MEIER (CIRCULAR),Fetranspor,4,17756256,"-22.9005","-43.2902"
679,679-GROTAO X MEIER (CIRCULAR),Fetranspor,5,17756256,"-22.9005","-43.2902"
679,679-GROTAO X MEIER (CIRCULAR),Fetranspor,6,17756256,"-22.9004","-43.2903"
679,679-GROTAO X MEIER (CIRCULAR),Fetranspor,7,17756256,"-22.9004","-43.2903"
679,679-GROTAO X MEIER (CIRCULAR),Fetranspor,8,17756256,"-22.901","-43.2906"
679,679-GROTAO X MEIER (CIRCULAR),Fetranspor,9,17756256,"-22.9015","-43.2907"
679,679-GROTAO X MEIER (CIRCULAR),Fetranspor,10,17756256,"-22.9018","-43.2908"
679,679-GROTAO X MEIER (CIRCULAR),Fetranspor,11,17756256,"-22.9021","-43.2909"
679,679-GROTAO X MEIER (CIRCULAR),Fetranspor,12,17756256,"-22.9023","-43.2909"
679,679-GROTAO X MEIER (CIRCULAR),Fetranspor,13,17756256,"-22.9026","-43.2909"
679,679-GROTAO X MEIER (CIRCULAR),Fetranspor,14,17756256,"-22.9027","-43.2909"
679,679-GROTAO X MEIER (CIRCULAR),Fetranspor,15,17756256,"-22.9031","-43.2909"
679,679-GROTAO X MEIER (CIRCULAR),Fetranspor,16,17756256,"-22.9038","-43.2908"
679,679-GROTAO X MEIER (CIRCULAR),Fetranspor,17,17756256,"-22.9038","-43.2908"
679,679-GROTAO X MEIER (CIRCULAR),Fetranspor,18,17756256,"-22.9038","-43.2916"
679,679-GROTAO X MEIER (CIRCULAR),Fetranspor,19,17756256,"-22.9038","-43.2916"
679,679-GROTAO X MEIER (CIRCULAR),Fetranspor,20,17756256,"-22.9052","-43.2915"
679,679-GROTAO X MEIER (CIRCULAR),Fetranspor,21,17756256,"-22.9052","-43.2915"
679,679-GROTAO X MEIER (CIRCULAR),Fetranspor,22,17756256,"-22.9051","-43.2907"
679,679-GROTAO X MEIER (CIRCULAR),Fetranspor,23,17756256,"-22.9051","-43.2907"
679,679-GROTAO X MEIER (CIRCULAR),Fetranspor,24,17756256,"-22.9051","-43.2906"
679,679-GROTAO X MEIER (CIRCULAR),Fetranspor,25,17756256,"-22.9051","-43.29"
679,679-GROTAO X MEIER (CIRCULAR),Fetranspor,26,17756256,"-22.9051","-43.29"
679,679-GROTAO X MEIER (CIRCULAR),Fetranspor,27,17756256,"-22.9051","-43.2898"
679,679-GROTAO X MEIER (CIRCULAR),Fetranspor,28,17756256,"-22.9051","-43.2898"
679,679-GROTAO X MEIER (CIRCULAR),Fetranspor,29,17756256,"-22.905","-43.2895"
679,679-GROTAO X MEIER (CIRCULAR),Fetranspor,30,17756256,"-22.905","-43.2893"
679,679-GROTAO X MEIER (CIRCULAR),Fetranspor,31,17756256,"-22.9049","-43.289"
679,679-GROTAO X MEIER (CIRCULAR),Fetranspor,32,17756256,"-22.9048","-43.2889"
679,679-GROTAO X MEIER (CIRCULAR),Fetranspor,33,17756256,"-22.9048","-43.2889"
679,679-GROTAO X MEIER (CIRCULAR),Fetranspor,34,17756256,"-22.9048","-43.2888"
679,679-GROTAO X MEIER (CIRCULAR),Fetranspor,35,17756256,"-22.9045","-43.2881"
679,679-GROTAO X MEIER (CIRCULAR),Fetranspor,36,17756256,"-22.9045","-43.288"
679,679-GROTAO X MEIER (CIRCULAR),Fetranspor,37,17756256,"-22.9045","-43.288"
679,679-GROTAO X MEIER (CIRCULAR),Fetranspor,38,17756256,"-22.9045","-43.2879"
679,679-GROTAO X MEIER (CIRCULAR),Fetranspor,39,17756256,"-22.9044","-43.2876"
679,679-GROTAO X MEIER (CIRCULAR),Fetranspor,40,17756256,"-22.9044","-43.2873"
679,679-GROTAO X MEIER (CIRCULAR),Fetranspor,41,17756256,"-22.9044","-43.2873"
679,679-GROTAO X MEIER (CIRCULAR),Fetranspor,42,17756256,"-22.9043","-43.2867"
679,679-GROTAO X MEIER (CIRCULAR),Fetranspor,43,17756256,"-22.9043","-43.2867"
679,679-GROTAO X MEIER (CIRCULAR),Fetranspor,44,17756256,"-22.9043","-43.2867"
679,679-GROTAO X MEIER (CIRCULAR),Fetranspor,45,17756256,"-22.9043","-43.2866"
679,679-GROTAO X MEIER (CIRCULAR),Fetranspor,46,17756256,"-22.9043","-43.2865"
679,679-GROTAO X MEIER (CIRCULAR),Fetranspor,47,17756256,"-22.9043","-43.2865"
679,679-GROTAO X MEIER (CIRCULAR),Fetranspor,48,17756256,"-22.9043","-43.286"
679,679-GROTAO X MEIER (CIRCULAR),Fetranspor,49,17756256,"-22.9042","-43.2858"
679,679-GROTAO X MEIER (CIRCULAR),Fetranspor,50,17756256,"-22.9042","-43.2858"
679,679-GROTAO X MEIER (CIRCULAR),Fetranspor,51,17756256,"-22.9042","-43.2856"
679,679-GROTAO X MEIER (CIRCULAR),Fetranspor,52,17756256,"-22.9041","-43.2853"
679,679-GROTAO X MEIER (CIRCULAR),Fetranspor,53,17756256,"-22.904","-43.2851"
679,679-GROTAO X MEIER (CIRCULAR),Fetranspor,54,17756256,"-22.904","-43.2851"
679,679-GROTAO X MEIER (CIRCULAR),Fetranspor,55,17756256,"-22.904","-43.2851"
679,679-GROTAO X MEIER (CIRCULAR),Fetranspor,56,17756256,"-22.904","-43.285"
679,679-GROTAO X MEIER (CIRCULAR),Fetranspor,57,17756256,"-22.9037","-43.2845"
679,679-GROTAO X MEIER (CIRCULAR),Fetranspor,58,17756256,"-22.9037","-43.2844"
679,679-GROTAO X MEIER (CIRCULAR),Fetranspor,59,17756256,"-22.9037","-43.2844"
679,679-GROTAO X MEIER (CIRCULAR),Fetranspor,60,17756256,"-22.9034","-43.2832"
679,679-GROTAO X MEIER (CIRCULAR),Fetranspor,61,17756256,"-22.9033","-43.2831"
679,679-GROTAO X MEIER (CIRCULAR),Fetranspor,62,17756256,"-22.9033","-43.2831"
679,679-GROTAO X MEIER (CIRCULAR),Fetranspor,63,17756256,"-22.9031","-43.2826"
679,679-GROTAO X MEIER (CIRCULAR),Fetranspor,64,17756256,"-22.9028","-43.2819"
679,679-GROTAO X MEIER (CIRCULAR),Fetranspor,65,17756256,"-22.9028","-43.2819"
679,679-GROTAO X MEIER (CIRCULAR),Fetranspor,66,17756256,"-22.9028","-43.2819"
679,679-GROTAO X MEIER (CIRCULAR),Fetranspor,67,17756256,"-22.9027","-43.2817"
679,679-GROTAO X MEIER (CIRCULAR),Fetranspor,68,17756256,"-22.9021","-43.2806"
679,679-GROTAO X MEIER (CIRCULAR),Fetranspor,69,17756256,"-22.9021","-43.2804"
679,679-GROTAO X MEIER (CIRCULAR),Fetranspor,70,17756256,"-22.9021","-43.2804"
679,679-GROTAO X MEIER (CIRCULAR),Fetranspor,71,17756256,"-22.9021","-43.2803"
679,679-GROTAO X MEIER (CIRCULAR),Fetranspor,72,17756256,"-22.9021","-43.2803"
679,679-GROTAO X MEIER (CIRCULAR),Fetranspor,73,17756256,"-22.9024","-43.2802"
679,679-GROTAO X MEIER (CIRCULAR),Fetranspor,74,17756256,"-22.9024","-43.2802"
679,679-GROTAO X MEIER (CIRCULAR),Fetranspor,75,17756256,"-22.9029","-43.2797"
679,679-GROTAO X MEIER (CIRCULAR),Fetranspor,76,17756256,"-22.9029","-43.2797"
679,679-GROTAO X MEIER (CIRCULAR),Fetranspor,77,17756256,"-22.9034","-43.2791"
679,679-GROTAO X MEIER (CIRCULAR),Fetranspor,78,17756256,"-22.9034","-43.2791"
679,679-GROTAO X MEIER (CIRCULAR),Fetranspor,79,17756256,"-22.9023","-43.2777"
679,679-GROTAO X MEIER (CIRCULAR),Fetranspor,80,17756256,"-22.9023","-43.2777"
679,679-GROTAO X MEIER (CIRCULAR),Fetranspor,81,17756256,"-22.9021","-43.2778"
679,679-GROTAO X MEIER (CIRCULAR),Fetranspor,82,17756256,"-22.9021","-43.2778"
679,679-GROTAO X MEIER (CIRCULAR),Fetranspor,83,17756256,"-22.902","-43.278"
679,679-GROTAO X MEIER (CIRCULAR),Fetranspor,84,17756256,"-22.9012","-43.2788"
679,679-GROTAO X MEIER (CIRCULAR),Fetranspor,85,17756256,"-22.901","-43.2789"
679,679-GROTAO X MEIER (CIRCULAR),Fetranspor,86,17756256,"-22.901","-43.2789"
679,679-GROTAO X MEIER (CIRCULAR),Fetranspor,87,17756256,"-22.9006","-43.2794"
679,679-GROTAO X MEIER (CIRCULAR),Fetranspor,88,17756256,"-22.9006","-43.2794"
679,679-GROTAO X MEIER (CIRCULAR),Fetranspor,89,17756256,"-22.9007","-43.2794"
679,679-GROTAO X MEIER (CIRCULAR),Fetranspor,90,17756256,"-22.9011","-43.2799"
679,679-GROTAO X MEIER (CIRCULAR),Fetranspor,91,17756256,"-22.9011","-43.28"
679,679-GROTAO X MEIER (CIRCULAR),Fetranspor,92,17756256,"-22.9011","-43.2801"
679,679-GROTAO X MEIER (CIRCULAR),Fetranspor,93,17756256,"-22.9011","-43.2801"
679,679-GROTAO X MEIER (CIRCULAR),Fetranspor,94,17756256,"-22.9008","-43.2804"
679,679-GROTAO X MEIER (CIRCULAR),Fetranspor,95,17756256,"-22.9008","-43.2804"
679,679-GROTAO X MEIER (CIRCULAR),Fetranspor,96,17756256,"-22.9004","-43.2808"
679,679-GROTAO X MEIER (CIRCULAR),Fetranspor,97,17756256,"-22.9004","-43.2808"
679,679-GROTAO X MEIER (CIRCULAR),Fetranspor,98,17756256,"-22.9002","-43.2811"
679,679-GROTAO X MEIER (CIRCULAR),Fetranspor,99,17756256,"-22.9002","-43.2811"
679,679-GROTAO X MEIER (CIRCULAR),Fetranspor,100,17756256,"-22.9001","-43.2811"
679,679-GROTAO X MEIER (CIRCULAR),Fetranspor,101,17756256,"-22.9","-43.2811"
679,679-GROTAO X MEIER (CIRCULAR),Fetranspor,102,17756256,"-22.9","-43.2811"
679,679-GROTAO X MEIER (CIRCULAR),Fetranspor,103,17756256,"-22.8999","-43.2811"
679,679-GROTAO X MEIER (CIRCULAR),Fetranspor,104,17756256,"-22.8998","-43.281"
679,679-GROTAO X MEIER (CIRCULAR),Fetranspor,105,17756256,"-22.8998","-43.2809"
679,679-GROTAO X MEIER (CIRCULAR),Fetranspor,106,17756256,"-22.8997","-43.2809"
679,679-GROTAO X MEIER (CIRCULAR),Fetranspor,107,17756256,"-22.8997","-43.2808"
679,679-GROTAO X MEIER (CIRCULAR),Fetranspor,108,17756256,"-22.8997","-43.2807"
679,679-GROTAO X MEIER (CIRCULAR),Fetranspor,109,17756256,"-22.8998","-43.2807"
679,679-GROTAO X MEIER (CIRCULAR),Fetranspor,110,17756256,"-22.8998","-43.2806"
679,679-GROTAO X MEIER (CIRCULAR),Fetranspor,111,17756256,"-22.8998","-43.2806"
679,679-GROTAO X MEIER (CIRCULAR),Fetranspor,112,17756256,"-22.9","-43.2804"
679,679-GROTAO X MEIER (CIRCULAR),Fetranspor,113,17756256,"-22.9001","-43.2803"
679,679-GROTAO X MEIER (CIRCULAR),Fetranspor,114,17756256,"-22.9001","-43.2802"
679,679-GROTAO X MEIER (CIRCULAR),Fetranspor,115,17756256,"-22.9002","-43.2802"
679,679-GROTAO X MEIER (CIRCULAR),Fetranspor,116,17756256,"-22.9002","-43.28"
679,679-GROTAO X MEIER (CIRCULAR),Fetranspor,117,17756256,"-22.9002","-43.2799"
679,679-GROTAO X MEIER (CIRCULAR),Fetranspor,118,17756256,"-22.9003","-43.2797"
679,679-GROTAO X MEIER (CIRCULAR),Fetranspor,119,17756256,"-22.9002","-43.2796"
679,679-GROTAO X MEIER (CIRCULAR),Fetranspor,120,17756256,"-22.9002","-43.2795"
679,679-GROTAO X MEIER (CIRCULAR),Fetranspor,121,17756256,"-22.9001","-43.2794"
679,679-GROTAO X MEIER (CIRCULAR),Fetranspor,122,17756256,"-22.8993","-43.2785"
679,679-GROTAO X MEIER (CIRCULAR),Fetranspor,123,17756256,"-22.8993","-43.2785"
679,679-GROTAO X MEIER (CIRCULAR),Fetranspor,124,17756256,"-22.9","-43.2778"
679,679-GROTAO X MEIER (CIRCULAR),Fetranspor,125,17756256,"-22.9","-43.2778"
679,679-GROTAO X MEIER (CIRCULAR),Fetranspor,126,17756256,"-22.9001","-43.2777"
679,679-GROTAO X MEIER (CIRCULAR),Fetranspor,127,17756256,"-22.9004","-43.2773"
679,679-GROTAO X MEIER (CIRCULAR),Fetranspor,128,17756256,"-22.9007","-43.277"
679,679-GROTAO X MEIER (CIRCULAR),Fetranspor,129,17756256,"-22.9008","-43.2769"
679,679-GROTAO X MEIER (CIRCULAR),Fetranspor,130,17756256,"-22.9008","-43.2769"
679,679-GROTAO X MEIER (CIRCULAR),Fetranspor,131,17756256,"-22.9008","-43.2768"
679,679-GROTAO X MEIER (CIRCULAR),Fetranspor,132,17756256,"-22.9004","-43.2762"
679,679-GROTAO X MEIER (CIRCULAR),Fetranspor,133,17756256,"-22.9001","-43.2756"
679,679-GROTAO X MEIER (CIRCULAR),Fetranspor,134,17756256,"-22.9001","-43.2755"
679,679-GROTAO X MEIER (CIRCULAR),Fetranspor,135,17756256,"-22.9001","-43.2754"
679,679-GROTAO X MEIER (CIRCULAR),Fetranspor,136,17756256,"-22.9001","-43.2754"
679,679-GROTAO X MEIER (CIRCULAR),Fetranspor,137,17756256,"-22.9001","-43.2753"
679,679-GROTAO X MEIER (CIRCULAR),Fetranspor,138,17756256,"-22.8997","-43.2746"
679,679-GROTAO X MEIER (CIRCULAR),Fetranspor,139,17756256,"-22.8997","-43.2746"
679,679-GROTAO X MEIER (CIRCULAR),Fetranspor,140,17756256,"-22.8996","-43.2745"
679,679-GROTAO X MEIER (CIRCULAR),Fetranspor,141,17756256,"-22.8996","-43.2745"
679,679-GROTAO X MEIER (CIRCULAR),Fetranspor,142,17756256,"-22.8995","-43.2742"
679,679-GROTAO X MEIER (CIRCULAR),Fetranspor,143,17756256,"-22.8992","-43.2737"
679,679-GROTAO X MEIER (CIRCULAR),Fetranspor,144,17756256,"-22.8992","-43.2737"
679,679-GROTAO X MEIER (CIRCULAR),Fetranspor,145,17756256,"-22.899","-43.2736"
679,679-GROTAO X MEIER (CIRCULAR),Fetranspor,146,17756256,"-22.8968","-43.2725"
679,679-GROTAO X MEIER (CIRCULAR),Fetranspor,147,17756256,"-22.8967","-43.2725"
679,679-GROTAO X MEIER (CIRCULAR),Fetranspor,148,17756256,"-22.8966","-43.2725"
679,679-GROTAO X MEIER (CIRCULAR),Fetranspor,149,17756256,"-22.8966","-43.2725"
679,679-GROTAO X MEIER (CIRCULAR),Fetranspor,150,17756256,"-22.8964","-43.2726"
679,679-GROTAO X MEIER (CIRCULAR),Fetranspor,151,17756256,"-22.896","-43.273"
679,679-GROTAO X MEIER (CIRCULAR),Fetranspor,152,17756256,"-22.896","-43.273"
679,679-GROTAO X MEIER (CIRCULAR),Fetranspor,153,17756256,"-22.8957","-43.2732"
679,679-GROTAO X MEIER (CIRCULAR),Fetranspor,154,17756256,"-22.8957","-43.2732"
679,679-GROTAO X MEIER (CIRCULAR),Fetranspor,155,17756256,"-22.8956","-43.2732"
679,679-GROTAO X MEIER (CIRCULAR),Fetranspor,156,17756256,"-22.895","-43.2729"
679,679-GROTAO X MEIER (CIRCULAR),Fetranspor,157,17756256,"-22.895","-43.2729"
679,679-GROTAO X MEIER (CIRCULAR),Fetranspor,158,17756256,"-22.894","-43.2724"
679,679-GROTAO X MEIER (CIRCULAR),Fetranspor,159,17756256,"-22.894","-43.2724"
679,679-GROTAO X MEIER (CIRCULAR),Fetranspor,160,17756256,"-22.8935","-43.2722"
679,679-GROTAO X MEIER (CIRCULAR),Fetranspor,161,17756256,"-22.8935","-43.2722"
679,679-GROTAO X MEIER (CIRCULAR),Fetranspor,162,17756256,"-22.8922","-43.2716"
679,679-GROTAO X MEIER (CIRCULAR),Fetranspor,163,17756256,"-22.8922","-43.2716"
679,679-GROTAO X MEIER (CIRCULAR),Fetranspor,164,17756256,"-22.8922","-43.2715"
679,679-GROTAO X MEIER (CIRCULAR),Fetranspor,165,17756256,"-22.8925","-43.2707"
679,679-GROTAO X MEIER (CIRCULAR),Fetranspor,166,17756256,"-22.8926","-43.2704"
679,679-GROTAO X MEIER (CIRCULAR),Fetranspor,167,17756256,"-22.8927","-43.2703"
679,679-GROTAO X MEIER (CIRCULAR),Fetranspor,168,17756256,"-22.8927","-43.2703"
679,679-GROTAO X MEIER (CIRCULAR),Fetranspor,169,17756256,"-22.8928","-43.2701"
679,679-GROTAO X MEIER (CIRCULAR),Fetranspor,170,17756256,"-22.8933","-43.2696"
679,679-GROTAO X MEIER (CIRCULAR),Fetranspor,171,17756256,"-22.8933","-43.2696"
679,679-GROTAO X MEIER (CIRCULAR),Fetranspor,172,17756256,"-22.8925","-43.269"
679,679-GROTAO X MEIER (CIRCULAR),Fetranspor,173,17756256,"-22.8925","-43.269"
679,679-GROTAO X MEIER (CIRCULAR),Fetranspor,174,17756256,"-22.8918","-43.2686"
679,679-GROTAO X MEIER (CIRCULAR),Fetranspor,175,17756256,"-22.8917","-43.2685"
679,679-GROTAO X MEIER (CIRCULAR),Fetranspor,176,17756256,"-22.8916","-43.2685"
679,679-GROTAO X MEIER (CIRCULAR),Fetranspor,177,17756256,"-22.8916","-43.2685"
679,679-GROTAO X MEIER (CIRCULAR),Fetranspor,178,17756256,"-22.8915","-43.2684"
679,679-GROTAO X MEIER (CIRCULAR),Fetranspor,179,17756256,"-22.8914","-43.2683"
679,679-GROTAO X MEIER (CIRCULAR),Fetranspor,180,17756256,"-22.8914","-43.2683"
679,679-GROTAO X MEIER (CIRCULAR),Fetranspor,181,17756256,"-22.8913","-43.2683"
679,679-GROTAO X MEIER (CIRCULAR),Fetranspor,182,17756256,"-22.8908","-43.268"
679,679-GROTAO X MEIER (CIRCULAR),Fetranspor,183,17756256,"-22.8905","-43.2678"
679,679-GROTAO X MEIER (CIRCULAR),Fetranspor,184,17756256,"-22.8905","-43.2678"
679,679-GROTAO X MEIER (CIRCULAR),Fetranspor,185,17756256,"-22.8901","-43.2675"
679,679-GROTAO X MEIER (CIRCULAR),Fetranspor,186,17756256,"-22.8901","-43.2675"
679,679-GROTAO X MEIER (CIRCULAR),Fetranspor,187,17756256,"-22.8896","-43.2672"
679,679-GROTAO X MEIER (CIRCULAR),Fetranspor,188,17756256,"-22.8896","-43.2672"
679,679-GROTAO X MEIER (CIRCULAR),Fetranspor,189,17756256,"-22.8895","-43.2671"
679,679-GROTAO X MEIER (CIRCULAR),Fetranspor,190,17756256,"-22.8895","-43.2671"
679,679-GROTAO X MEIER (CIRCULAR),Fetranspor,191,17756256,"-22.8892","-43.2669"
679,679-GROTAO X MEIER (CIRCULAR),Fetranspor,192,17756256,"-22.889","-43.2668"
679,679-GROTAO X MEIER (CIRCULAR),Fetranspor,193,17756256,"-22.889","-43.2668"
679,679-GROTAO X MEIER (CIRCULAR),Fetranspor,194,17756256,"-22.889","-43.2667"
679,679-GROTAO X MEIER (CIRCULAR),Fetranspor,195,17756256,"-22.8882","-43.2662"
679,679-GROTAO X MEIER (CIRCULAR),Fetranspor,196,17756256,"-22.8882","-43.2662"
679,679-GROTAO X MEIER (CIRCULAR),Fetranspor,197,17756256,"-22.887","-43.2655"
679,679-GROTAO X MEIER (CIRCULAR),Fetranspor,198,17756256,"-22.8868","-43.2653"
679,679-GROTAO X MEIER (CIRCULAR),Fetranspor,199,17756256,"-22.8866","-43.2652"
679,679-GROTAO X MEIER (CIRCULAR),Fetranspor,200,17756256,"-22.8865","-43.2651"
679,679-GROTAO X MEIER (CIRCULAR),Fetranspor,201,17756256,"-22.8863","-43.2649"
679,679-GROTAO X MEIER (CIRCULAR),Fetranspor,202,17756256,"-22.8863","-43.2649"
679,679-GROTAO X MEIER (CIRCULAR),Fetranspor,203,17756256,"-22.8862","-43.2648"
679,679-GROTAO X MEIER (CIRCULAR),Fetranspor,204,17756256,"-22.886","-43.2643"
679,679-GROTAO X MEIER (CIRCULAR),Fetranspor,205,17756256,"-22.886","-43.2643"
679,679-GROTAO X MEIER (CIRCULAR),Fetranspor,206,17756256,"-22.8859","-43.2641"
679,679-GROTAO X MEIER (CIRCULAR),Fetranspor,207,17756256,"-22.8857","-43.2637"
679,679-GROTAO X MEIER (CIRCULAR),Fetranspor,208,17756256,"-22.8857","-43.2637"
679,679-GROTAO X MEIER (CIRCULAR),Fetranspor,209,17756256,"-22.8857","-43.2636"
679,679-GROTAO X MEIER (CIRCULAR),Fetranspor,210,17756256,"-22.8856","-43.2635"
679,679-GROTAO X MEIER (CIRCULAR),Fetranspor,211,17756256,"-22.8856","-43.2635"
679,679-GROTAO X MEIER (CIRCULAR),Fetranspor,212,17756256,"-22.8856","-43.2635"
679,679-GROTAO X MEIER (CIRCULAR),Fetranspor,213,17756256,"-22.8851","-43.2625"
679,679-GROTAO X MEIER (CIRCULAR),Fetranspor,214,17756256,"-22.8849","-43.2619"
679,679-GROTAO X MEIER (CIRCULAR),Fetranspor,215,17756256,"-22.8842","-43.261"
679,679-GROTAO X MEIER (CIRCULAR),Fetranspor,216,17756256,"-22.8841","-43.2608"
679,679-GROTAO X MEIER (CIRCULAR),Fetranspor,217,17756256,"-22.8839","-43.2606"
679,679-GROTAO X MEIER (CIRCULAR),Fetranspor,218,17756256,"-22.8839","-43.2606"
679,679-GROTAO X MEIER (CIRCULAR),Fetranspor,219,17756256,"-22.8838","-43.2605"
679,679-GROTAO X MEIER (CIRCULAR),Fetranspor,220,17756256,"-22.8834","-43.26"
679,679-GROTAO X MEIER (CIRCULAR),Fetranspor,221,17756256,"-22.8829","-43.2593"
679,679-GROTAO X MEIER (CIRCULAR),Fetranspor,222,17756256,"-22.8828","-43.2591"
679,679-GROTAO X MEIER (CIRCULAR),Fetranspor,223,17756256,"-22.8828","-43.2591"
679,679-GROTAO X MEIER (CIRCULAR),Fetranspor,224,17756256,"-22.8826","-43.2593"
679,679-GROTAO X MEIER (CIRCULAR),Fetranspor,225,17756256,"-22.8826","-43.2593"
679,679-GROTAO X MEIER (CIRCULAR),Fetranspor,226,17756256,"-22.8825","-43.2595"
679,679-GROTAO X MEIER (CIRCULAR),Fetranspor,227,17756256,"-22.8821","-43.2601"
679,679-GROTAO X MEIER (CIRCULAR),Fetranspor,228,17756256,"-22.8821","-43.2603"
679,679-GROTAO X MEIER (CIRCULAR),Fetranspor,229,17756256,"-22.8821","-43.2603"
679,679-GROTAO X MEIER (CIRCULAR),Fetranspor,230,17756256,"-22.8821","-43.2604"
679,679-GROTAO X MEIER (CIRCULAR),Fetranspor,231,17756256,"-22.882","-43.2618"
679,679-GROTAO X MEIER (CIRCULAR),Fetranspor,232,17756256,"-22.882","-43.2618"
679,679-GROTAO X MEIER (CIRCULAR),Fetranspor,233,17756256,"-22.882","-43.2621"
679,679-GROTAO X MEIER (CIRCULAR),Fetranspor,234,17756256,"-22.882","-43.2621"
679,679-GROTAO X MEIER (CIRCULAR),Fetranspor,235,17756256,"-22.8822","-43.2625"
679,679-GROTAO X MEIER (CIRCULAR),Fetranspor,236,17756256,"-22.8822","-43.2625"
679,679-GROTAO X MEIER (CIRCULAR),Fetranspor,237,17756256,"-22.8826","-43.263"
679,679-GROTAO X MEIER (CIRCULAR),Fetranspor,238,17756256,"-22.8826","-43.263"
679,679-GROTAO X MEIER (CIRCULAR),Fetranspor,239,17756256,"-22.8829","-43.2635"
679,679-GROTAO X MEIER (CIRCULAR),Fetranspor,240,17756256,"-22.8829","-43.2635"
679,679-GROTAO X MEIER (CIRCULAR),Fetranspor,241,17756256,"-22.8832","-43.2641"
679,679-GROTAO X MEIER (CIRCULAR),Fetranspor,242,17756256,"-22.8832","-43.2641"
679,679-GROTAO X MEIER (CIRCULAR),Fetranspor,243,17756256,"-22.8835","-43.2646"
679,679-GROTAO X MEIER (CIRCULAR),Fetranspor,244,17756256,"-22.8835","-43.2646"
679,679-GROTAO X MEIER (CIRCULAR),Fetranspor,245,17756256,"-22.8838","-43.2651"
679,679-GROTAO X MEIER (CIRCULAR),Fetranspor,246,17756256,"-22.8838","-43.2651"
679,679-GROTAO X MEIER (CIRCULAR),Fetranspor,247,17756256,"-22.8841","-43.2657"
679,679-GROTAO X MEIER (CIRCULAR),Fetranspor,248,17756256,"-22.8841","-43.2657"
679,679-GROTAO X MEIER (CIRCULAR),Fetranspor,249,17756256,"-22.8847","-43.2667"
679,679-GROTAO X MEIER (CIRCULAR),Fetranspor,250,17756256,"-22.8847","-43.2667"
679,679-GROTAO X MEIER (CIRCULAR),Fetranspor,251,17756256,"-22.8852","-43.2675"
679,679-GROTAO X MEIER (CIRCULAR),Fetranspor,252,17756256,"-22.8852","-43.2675"
679,679-GROTAO X MEIER (CIRCULAR),Fetranspor,253,17756256,"-22.8852","-43.2676"
679,679-GROTAO X MEIER (CIRCULAR),Fetranspor,254,17756256,"-22.8849","-43.268"
679,679-GROTAO X MEIER (CIRCULAR),Fetranspor,255,17756256,"-22.8847","-43.2683"
679,679-GROTAO X MEIER (CIRCULAR),Fetranspor,256,17756256,"-22.8845","-43.2685"
679,679-GROTAO X MEIER (CIRCULAR),Fetranspor,257,17756256,"-22.8842","-43.2687"
679,679-GROTAO X MEIER (CIRCULAR),Fetranspor,258,17756256,"-22.8842","-43.2687"
679,679-GROTAO X MEIER (CIRCULAR),Fetranspor,259,17756256,"-22.8837","-43.2691"
679,679-GROTAO X MEIER (CIRCULAR),Fetranspor,260,17756256,"-22.8835","-43.2692"
679,679-GROTAO X MEIER (CIRCULAR),Fetranspor,261,17756256,"-22.8835","-43.2692"
679,679-GROTAO X MEIER (CIRCULAR),Fetranspor,262,17756256,"-22.8831","-43.2695"
679,679-GROTAO X MEIER (CIRCULAR),Fetranspor,263,17756256,"-22.8831","-43.2695"
679,679-GROTAO X MEIER (CIRCULAR),Fetranspor,264,17756256,"-22.8826","-43.2698"
679,679-GROTAO X MEIER (CIRCULAR),Fetranspor,265,17756256,"-22.8826","-43.2698"
679,679-GROTAO X MEIER (CIRCULAR),Fetranspor,266,17756256,"-22.8812","-43.2706"
679,679-GROTAO X MEIER (CIRCULAR),Fetranspor,267,17756256,"-22.881","-43.2707"
679,679-GROTAO X MEIER (CIRCULAR),Fetranspor,268,17756256,"-22.881","-43.2707"
679,679-GROTAO X MEIER (CIRCULAR),Fetranspor,269,17756256,"-22.881","-43.2706"
679,679-GROTAO X MEIER (CIRCULAR),Fetranspor,270,17756256,"-22.8809","-43.2701"
679,679-GROTAO X MEIER (CIRCULAR),Fetranspor,271,17756256,"-22.8807","-43.2697"
679,679-GROTAO X MEIER (CIRCULAR),Fetranspor,272,17756256,"-22.8807","-43.2696"
679,679-GROTAO X MEIER (CIRCULAR),Fetranspor,273,17756256,"-22.8807","-43.2696"
679,679-GROTAO X MEIER (CIRCULAR),Fetranspor,274,17756256,"-22.8806","-43.2696"
679,679-GROTAO X MEIER (CIRCULAR),Fetranspor,275,17756256,"-22.8806","-43.2696"
679,679-GROTAO X MEIER (CIRCULAR),Fetranspor,276,17756256,"-22.8806","-43.2697"
679,679-GROTAO X MEIER (CIRCULAR),Fetranspor,277,17756256,"-22.8805","-43.2697"
679,679-GROTAO X MEIER (CIRCULAR),Fetranspor,278,17756256,"-22.8805","-43.2698"
679,679-GROTAO X MEIER (CIRCULAR),Fetranspor,279,17756256,"-22.8805","-43.2699"
679,679-GROTAO X MEIER (CIRCULAR),Fetranspor,280,17756256,"-22.8806","-43.2702"
679,679-GROTAO X MEIER (CIRCULAR),Fetranspor,281,17756256,"-22.8807","-43.2706"
679,679-GROTAO X MEIER (CIRCULAR),Fetranspor,282,17756256,"-22.8807","-43.2709"
679,679-GROTAO X MEIER (CIRCULAR),Fetranspor,283,17756256,"-22.8808","-43.2712"
679,679-GROTAO X MEIER (CIRCULAR),Fetranspor,284,17756256,"-22.8808","-43.2716"
679,679-GROTAO X MEIER (CIRCULAR),Fetranspor,285,17756256,"-22.8808","-43.2723"
679,679-GROTAO X MEIER (CIRCULAR),Fetranspor,286,17756256,"-22.8808","-43.2723"
679,679-GROTAO X MEIER (CIRCULAR),Fetranspor,287,17756256,"-22.8807","-43.2728"
679,679-GROTAO X MEIER (CIRCULAR),Fetranspor,288,17756256,"-22.8807","-43.2728"
679,679-GROTAO X MEIER (CIRCULAR),Fetranspor,289,17756256,"-22.8807","-43.2731"
679,679-GROTAO X MEIER (CIRCULAR),Fetranspor,290,17756256,"-22.8807","-43.2731"
679,679-GROTAO X MEIER (CIRCULAR),Fetranspor,291,17756256,"-22.8808","-43.2731"
679,679-GROTAO X MEIER (CIRCULAR),Fetranspor,292,17756256,"-22.8808","-43.2731"
679,679-GROTAO X MEIER (CIRCULAR),Fetranspor,293,17756256,"-22.8808","-43.2731"
679,679-GROTAO X MEIER (CIRCULAR),Fetranspor,294,17756256,"-22.8809","-43.2731"
679,679-GROTAO X MEIER (CIRCULAR),Fetranspor,295,17756256,"-22.8809","-43.2731"
679,679-GROTAO X MEIER (CIRCULAR),Fetranspor,296,17756256,"-22.881","-43.2731"
679,679-GROTAO X MEIER (CIRCULAR),Fetranspor,297,17756256,"-22.881","-43.2731"
679,679-GROTAO X MEIER (CIRCULAR),Fetranspor,298,17756256,"-22.881","-43.2729"
679,679-GROTAO X MEIER (CIRCULAR),Fetranspor,299,17756256,"-22.881","-43.2729"
679,679-GROTAO X MEIER (CIRCULAR),Fetranspor,300,17756256,"-22.881","-43.2714"
679,679-GROTAO X MEIER (CIRCULAR),Fetranspor,301,17756256,"-22.8809","-43.2708"
679,679-GROTAO X MEIER (CIRCULAR),Fetranspor,302,17756256,"-22.8808","-43.2703"
679,679-GROTAO X MEIER (CIRCULAR),Fetranspor,303,17756256,"-22.8807","-43.2698"
679,679-GROTAO X MEIER (CIRCULAR),Fetranspor,304,17756256,"-22.8806","-43.2696"
679,679-GROTAO X MEIER (CIRCULAR),Fetranspor,305,17756256,"-22.8806","-43.2696"
679,679-GROTAO X MEIER (CIRCULAR),Fetranspor,306,17756256,"-22.8806","-43.2696"
679,679-GROTAO X MEIER (CIRCULAR),Fetranspor,307,17756256,"-22.8806","-43.2695"
679,679-GROTAO X MEIER (CIRCULAR),Fetranspor,308,17756256,"-22.8804","-43.2691"
679,679-GROTAO X MEIER (CIRCULAR),Fetranspor,309,17756256,"-22.8804","-43.2691"
679,679-GROTAO X MEIER (CIRCULAR),Fetranspor,310,17756256,"-22.8804","-43.2691"
679,679-GROTAO X MEIER (CIRCULAR),Fetranspor,311,17756256,"-22.8803","-43.2688"
679,679-GROTAO X MEIER (CIRCULAR),Fetranspor,312,17756256,"-22.8803","-43.2688"
679,679-GROTAO X MEIER (CIRCULAR),Fetranspor,313,17756256,"-22.8803","-43.2688"
679,679-GROTAO X MEIER (CIRCULAR),Fetranspor,314,17756256,"-22.8802","-43.2687"
679,679-GROTAO X MEIER (CIRCULAR),Fetranspor,315,17756256,"-22.8802","-43.2687"
679,679-GROTAO X MEIER (CIRCULAR),Fetranspor,316,17756256,"-22.8802","-43.2687"
679,679-GROTAO X MEIER (CIRCULAR),Fetranspor,317,17756256,"-22.88","-43.2684"
679,679-GROTAO X MEIER (CIRCULAR),Fetranspor,318,17756256,"-22.88","-43.2683"
679,679-GROTAO X MEIER (CIRCULAR),Fetranspor,319,17756256,"-22.8795","-43.2676"
679,679-GROTAO X MEIER (CIRCULAR),Fetranspor,320,17756256,"-22.8792","-43.2672"
679,679-GROTAO X MEIER (CIRCULAR),Fetranspor,321,17756256,"-22.8791","-43.267"
679,679-GROTAO X MEIER (CIRCULAR),Fetranspor,322,17756256,"-22.879","-43.2666"
679,679-GROTAO X MEIER (CIRCULAR),Fetranspor,323,17756256,"-22.879","-43.2666"
679,679-GROTAO X MEIER (CIRCULAR),Fetranspor,324,17756256,"-22.879","-43.2665"
679,679-GROTAO X MEIER (CIRCULAR),Fetranspor,325,17756256,"-22.879","-43.2665"
679,679-GROTAO X MEIER (CIRCULAR),Fetranspor,326,17756256,"-22.8789","-43.2664"
679,679-GROTAO X MEIER (CIRCULAR),Fetranspor,327,17756256,"-22.8788","-43.2659"
679,679-GROTAO X MEIER (CIRCULAR),Fetranspor,328,17756256,"-22.8788","-43.2659"
679,679-GROTAO X MEIER (CIRCULAR),Fetranspor,329,17756256,"-22.8786","-43.2655"
679,679-GROTAO X MEIER (CIRCULAR),Fetranspor,330,17756256,"-22.8786","-43.2655"
679,679-GROTAO X MEIER (CIRCULAR),Fetranspor,331,17756256,"-22.8784","-43.2649"
679,679-GROTAO X MEIER (CIRCULAR),Fetranspor,332,17756256,"-22.8784","-43.2649"
679,679-GROTAO X MEIER (CIRCULAR),Fetranspor,333,17756256,"-22.8783","-43.2647"
679,679-GROTAO X MEIER (CIRCULAR),Fetranspor,334,17756256,"-22.8782","-43.2647"
679,679-GROTAO X MEIER (CIRCULAR),Fetranspor,335,17756256,"-22.8782","-43.2647"
679,679-GROTAO X MEIER (CIRCULAR),Fetranspor,336,17756256,"-22.8782","-43.2647"
679,679-GROTAO X MEIER (CIRCULAR),Fetranspor,337,17756256,"-22.8779","-43.2647"
679,679-GROTAO X MEIER (CIRCULAR),Fetranspor,338,17756256,"-22.8779","-43.2647"
679,679-GROTAO X MEIER (CIRCULAR),Fetranspor,339,17756256,"-22.8777","-43.2648"
679,679-GROTAO X MEIER (CIRCULAR),Fetranspor,340,17756256,"-22.8772","-43.2653"
679,679-GROTAO X MEIER (CIRCULAR),Fetranspor,341,17756256,"-22.8767","-43.2658"
679,679-GROTAO X MEIER (CIRCULAR),Fetranspor,342,17756256,"-22.8766","-43.2659"
679,679-GROTAO X MEIER (CIRCULAR),Fetranspor,343,17756256,"-22.8764","-43.266"
679,679-GROTAO X MEIER (CIRCULAR),Fetranspor,344,17756256,"-22.8763","-43.266"
679,679-GROTAO X MEIER (CIRCULAR),Fetranspor,345,17756256,"-22.8762","-43.266"
679,679-GROTAO X MEIER (CIRCULAR),Fetranspor,346,17756256,"-22.8761","-43.266"
679,679-GROTAO X MEIER (CIRCULAR),Fetranspor,347,17756256,"-22.8761","-43.266"
679,679-GROTAO X MEIER (CIRCULAR),Fetranspor,348,17756256,"-22.8759","-43.266"
679,679-GROTAO X MEIER (CIRCULAR),Fetranspor,349,17756256,"-22.8751","-43.2658"
679,679-GROTAO X MEIER (CIRCULAR),Fetranspor,350,17756256,"-22.8749","-43.2658"
679,679-GROTAO X MEIER (CIRCULAR),Fetranspor,351,17756256,"-22.8748","-43.2658"
679,679-GROTAO X MEIER (CIRCULAR),Fetranspor,352,17756256,"-22.8748","-43.2658"
679,679-GROTAO X MEIER (CIRCULAR),Fetranspor,353,17756256,"-22.8747","-43.2659"
679,679-GROTAO X MEIER (CIRCULAR),Fetranspor,354,17756256,"-22.8747","-43.2659"
679,679-GROTAO X MEIER (CIRCULAR),Fetranspor,355,17756256,"-22.8745","-43.266"
679,679-GROTAO X MEIER (CIRCULAR),Fetranspor,356,17756256,"-22.8741","-43.2663"
679,679-GROTAO X MEIER (CIRCULAR),Fetranspor,357,17756256,"-22.8741","-43.2663"
679,679-GROTAO X MEIER (CIRCULAR),Fetranspor,358,17756256,"-22.8739","-43.2665"
679,679-GROTAO X MEIER (CIRCULAR),Fetranspor,359,17756256,"-22.8737","-43.2667"
679,679-GROTAO X MEIER (CIRCULAR),Fetranspor,360,17756256,"-22.8734","-43.267"
679,679-GROTAO X MEIER (CIRCULAR),Fetranspor,361,17756256,"-22.8734","-43.267"
679,679-GROTAO X MEIER (CIRCULAR),Fetranspor,362,17756256,"-22.873","-43.2672"
679,679-GROTAO X MEIER (CIRCULAR),Fetranspor,363,17756256,"-22.873","-43.2672"
679,679-GROTAO X MEIER (CIRCULAR),Fetranspor,364,17756256,"-22.8729","-43.2674"
679,679-GROTAO X MEIER (CIRCULAR),Fetranspor,365,17756256,"-22.8729","-43.2674"
679,679-GROTAO X MEIER (CIRCULAR),Fetranspor,366,17756256,"-22.8728","-43.2675"
679,679-GROTAO X MEIER (CIRCULAR),Fetranspor,367,17756256,"-22.8726","-43.2678"
679,679-GROTAO X MEIER (CIRCULAR),Fetranspor,368,17756256,"-22.8726","-43.2678"
679,679-GROTAO X MEIER (CIRCULAR),Fetranspor,369,17756256,"-22.8724","-43.2679"
679,679-GROTAO X MEIER (CIRCULAR),Fetranspor,370,17756256,"-22.8723","-43.268"
679,679-GROTAO X MEIER (CIRCULAR),Fetranspor,371,17756256,"-22.8721","-43.2681"
679,679-GROTAO X MEIER (CIRCULAR),Fetranspor,372,17756256,"-22.8719","-43.2682"
679,679-GROTAO X MEIER (CIRCULAR),Fetranspor,373,17756256,"-22.8719","-43.2682"
679,679-GROTAO X MEIER (CIRCULAR),Fetranspor,374,17756256,"-22.8715","-43.2683"
679,679-GROTAO X MEIER (CIRCULAR),Fetranspor,375,17756256,"-22.8715","-43.2683"
679,679-GROTAO X MEIER (CIRCULAR),Fetranspor,376,17756256,"-22.8713","-43.2683"
679,679-GROTAO X MEIER (CIRCULAR),Fetranspor,377,17756256,"-22.8712","-43.2683"
679,679-GROTAO X MEIER (CIRCULAR),Fetranspor,378,17756256,"-22.8712","-43.2683"
679,679-GROTAO X MEIER (CIRCULAR),Fetranspor,379,17756256,"-22.8708","-43.2683"
679,679-GROTAO X MEIER (CIRCULAR),Fetranspor,380,17756256,"-22.8708","-43.2683"
679,679-GROTAO X MEIER (CIRCULAR),Fetranspor,381,17756256,"-22.8706","-43.2683"
679,679-GROTAO X MEIER (CIRCULAR),Fetranspor,382,17756256,"-22.8706","-43.2683"
679,679-GROTAO X MEIER (CIRCULAR),Fetranspor,383,17756256,"-22.8705","-43.2683"
679,679-GROTAO X MEIER (CIRCULAR),Fetranspor,384,17756256,"-22.8702","-43.2683"
679,679-GROTAO X MEIER (CIRCULAR),Fetranspor,385,17756256,"-22.8699","-43.2682"
679,679-GROTAO X MEIER (CIRCULAR),Fetranspor,386,17756256,"-22.8699","-43.2682"
679,679-GROTAO X MEIER (CIRCULAR),Fetranspor,387,17756256,"-22.8699","-43.2681"
679,679-GROTAO X MEIER (CIRCULAR),Fetranspor,388,17756256,"-22.8698","-43.2677"
679,679-GROTAO X MEIER (CIRCULAR),Fetranspor,389,17756256,"-22.8698","-43.2674"
679,679-GROTAO X MEIER (CIRCULAR),Fetranspor,390,17756256,"-22.8698","-43.2674"
679,679-GROTAO X MEIER (CIRCULAR),Fetranspor,391,17756256,"-22.8698","-43.2668"
679,679-GROTAO X MEIER (CIRCULAR),Fetranspor,392,17756256,"-22.8698","-43.2668"
679,679-GROTAO X MEIER (CIRCULAR),Fetranspor,393,17756256,"-22.8698","-43.2665"
679,679-GROTAO X MEIER (CIRCULAR),Fetranspor,394,17756256,"-22.8698","-43.2661"
679,679-GROTAO X MEIER (CIRCULAR),Fetranspor,395,17756256,"-22.8698","-43.2661"
679,679-GROTAO X MEIER (CIRCULAR),Fetranspor,396,17756256,"-22.8698","-43.2659"
679,679-GROTAO X MEIER (CIRCULAR),Fetranspor,397,17756256,"-22.8698","-43.2655"
679,679-GROTAO X MEIER (CIRCULAR),Fetranspor,398,17756256,"-22.8698","-43.2654"
679,679-GROTAO X MEIER (CIRCULAR),Fetranspor,399,17756256,"-22.8698","-43.2654"
679,679-GROTAO X MEIER (CIRCULAR),Fetranspor,400,17756256,"-22.8698","-43.265"
679,679-GROTAO X MEIER (CIRCULAR),Fetranspor,401,17756256,"-22.8699","-43.2647"
679,679-GROTAO X MEIER (CIRCULAR),Fetranspor,402,17756256,"-22.8699","-43.2647"
679,679-GROTAO X MEIER (CIRCULAR),Fetranspor,403,17756256,"-22.8699","-43.2642"
679,679-GROTAO X MEIER (CIRCULAR),Fetranspor,404,17756256,"-22.8699","-43.264"
679,679-GROTAO X MEIER (CIRCULAR),Fetranspor,405,17756256,"-22.8699","-43.264"
679,679-GROTAO X MEIER (CIRCULAR),Fetranspor,406,17756256,"-22.87","-43.2634"
679,679-GROTAO X MEIER (CIRCULAR),Fetranspor,407,17756256,"-22.87","-43.2633"
679,679-GROTAO X MEIER (CIRCULAR),Fetranspor,408,17756256,"-22.87","-43.2633"
679,679-GROTAO X MEIER (CIRCULAR),Fetranspor,409,17756256,"-22.87","-43.2631"
679,679-GROTAO X MEIER (CIRCULAR),Fetranspor,410,17756256,"-22.87","-43.2626"
679,679-GROTAO X MEIER (CIRCULAR),Fetranspor,411,17756256,"-22.87","-43.2626"
679,679-GROTAO X MEIER (CIRCULAR),Fetranspor,412,17756256,"-22.87","-43.262"
679,679-GROTAO X MEIER (CIRCULAR),Fetranspor,413,17756256,"-22.87","-43.2619"
679,679-GROTAO X MEIER (CIRCULAR),Fetranspor,414,17756256,"-22.87","-43.2619"
679,679-GROTAO X MEIER (CIRCULAR),Fetranspor,415,17756256,"-22.87","-43.2617"
679,679-GROTAO X MEIER (CIRCULAR),Fetranspor,416,17756256,"-22.87","-43.2612"
679,679-GROTAO X MEIER (CIRCULAR),Fetranspor,417,17756256,"-22.87","-43.2612"
679,679-GROTAO X MEIER (CIRCULAR),Fetranspor,418,17756256,"-22.8699","-43.261"
679,679-GROTAO X MEIER (CIRCULAR),Fetranspor,419,17756256,"-22.8699","-43.2606"
679,679-GROTAO X MEIER (CIRCULAR),Fetranspor,420,17756256,"-22.8699","-43.2606"
679,679-GROTAO X MEIER (CIRCULAR),Fetranspor,421,17756256,"-22.8698","-43.2603"
679,679-GROTAO X MEIER (CIRCULAR),Fetranspor,422,17756256,"-22.8697","-43.26"
679,679-GROTAO X MEIER (CIRCULAR),Fetranspor,423,17756256,"-22.8697","-43.26"
679,679-GROTAO X MEIER (CIRCULAR),Fetranspor,424,17756256,"-22.8697","-43.2596"
679,679-GROTAO X MEIER (CIRCULAR),Fetranspor,425,17756256,"-22.8697","-43.2596"
679,679-GROTAO X MEIER (CIRCULAR),Fetranspor,426,17756256,"-22.8696","-43.2593"
679,679-GROTAO X MEIER (CIRCULAR),Fetranspor,427,17756256,"-22.8696","-43.2593"
679,679-GROTAO X MEIER (CIRCULAR),Fetranspor,428,17756256,"-22.8695","-43.2589"
679,679-GROTAO X MEIER (CIRCULAR),Fetranspor,429,17756256,"-22.8695","-43.2589"
679,679-GROTAO X MEIER (CIRCULAR),Fetranspor,430,17756256,"-22.8695","-43.2586"
679,679-GROTAO X MEIER (CIRCULAR),Fetranspor,431,17756256,"-22.8695","-43.2586"
679,679-GROTAO X MEIER (CIRCULAR),Fetranspor,432,17756256,"-22.8689","-43.2584"
679,679-GROTAO X MEIER (CIRCULAR),Fetranspor,433,17756256,"-22.8687","-43.2584"
679,679-GROTAO X MEIER (CIRCULAR),Fetranspor,434,17756256,"-22.8687","-43.2584"
679,679-GROTAO X MEIER (CIRCULAR),Fetranspor,435,17756256,"-22.8682","-43.2581"
679,679-GROTAO X MEIER (CIRCULAR),Fetranspor,436,17756256,"-22.8678","-43.2579"
679,679-GROTAO X MEIER (CIRCULAR),Fetranspor,437,17756256,"-22.8678","-43.2579"
679,679-GROTAO X MEIER (CIRCULAR),Fetranspor,438,17756256,"-22.8677","-43.2578"
679,679-GROTAO X MEIER (CIRCULAR),Fetranspor,439,17756256,"-22.8677","-43.2578"
679,679-GROTAO X MEIER (CIRCULAR),Fetranspor,440,17756256,"-22.8676","-43.2572"
679,679-GROTAO X MEIER (CIRCULAR),Fetranspor,441,17756256,"-22.8676","-43.2572"
679,679-GROTAO X MEIER (CIRCULAR),Fetranspor,442,17756256,"-22.8676","-43.2567"
679,679-GROTAO X MEIER (CIRCULAR),Fetranspor,443,17756256,"-22.8677","-43.256"
679,679-GROTAO X MEIER (CIRCULAR),Fetranspor,444,17756256,"-22.8677","-43.256"
679,679-GROTAO X MEIER (CIRCULAR),Fetranspor,445,17756256,"-22.8678","-43.2555"
679,679-GROTAO X MEIER (CIRCULAR),Fetranspor,446,17756256,"-22.8678","-43.2554"
679,679-GROTAO X MEIER (CIRCULAR),Fetranspor,447,17756256,"-22.8678","-43.2554"
679,679-GROTAO X MEIER (CIRCULAR),Fetranspor,448,17756256,"-22.8678","-43.2554"
679,679-GROTAO X MEIER (CIRCULAR),Fetranspor,449,17756256,"-22.8672","-43.2556"
679,679-GROTAO X MEIER (CIRCULAR),Fetranspor,450,17756256,"-22.8668","-43.2558"
679,679-GROTAO X MEIER (CIRCULAR),Fetranspor,451,17756256,"-22.8663","-43.2559"
679,679-GROTAO X MEIER (CIRCULAR),Fetranspor,452,17756256,"-22.8663","-43.2559"
679,679-GROTAO X MEIER (CIRCULAR),Fetranspor,453,17756256,"-22.8653","-43.2563"
679,679-GROTAO X MEIER (CIRCULAR),Fetranspor,454,17756256,"-22.8653","-43.2563"
679,679-GROTAO X MEIER (CIRCULAR),Fetranspor,455,17756256,"-22.8628","-43.2571"
679,679-GROTAO X MEIER (CIRCULAR),Fetranspor,456,17756256,"-22.8628","-43.2571"
679,679-GROTAO X MEIER (CIRCULAR),Fetranspor,457,17756256,"-22.8612","-43.2576"
679,679-GROTAO X MEIER (CIRCULAR),Fetranspor,458,17756256,"-22.8612","-43.2576"
679,679-GROTAO X MEIER (CIRCULAR),Fetranspor,459,17756256,"-22.8603","-43.2579"
679,679-GROTAO X MEIER (CIRCULAR),Fetranspor,460,17756256,"-22.8603","-43.2579"
679,679-GROTAO X MEIER (CIRCULAR),Fetranspor,461,17756256,"-22.8587","-43.2585"
679,679-GROTAO X MEIER (CIRCULAR),Fetranspor,462,17756256,"-22.8587","-43.2585"
679,679-GROTAO X MEIER (CIRCULAR),Fetranspor,463,17756256,"-22.8576","-43.2588"
679,679-GROTAO X MEIER (CIRCULAR),Fetranspor,464,17756256,"-22.8576","-43.2588"
679,679-GROTAO X MEIER (CIRCULAR),Fetranspor,465,17756256,"-22.857","-43.259"
679,679-GROTAO X MEIER (CIRCULAR),Fetranspor,466,17756256,"-22.8566","-43.2592"
679,679-GROTAO X MEIER (CIRCULAR),Fetranspor,467,17756256,"-22.8566","-43.2592"
679,679-GROTAO X MEIER (CIRCULAR),Fetranspor,468,17756256,"-22.8565","-43.2592"
679,679-GROTAO X MEIER (CIRCULAR),Fetranspor,469,17756256,"-22.8562","-43.2594"
679,679-GROTAO X MEIER (CIRCULAR),Fetranspor,470,17756256,"-22.8559","-43.2596"
679,679-GROTAO X MEIER (CIRCULAR),Fetranspor,471,17756256,"-22.8557","-43.2598"
679,679-GROTAO X MEIER (CIRCULAR),Fetranspor,472,17756256,"-22.8557","-43.2598"
679,679-GROTAO X MEIER (CIRCULAR),Fetranspor,473,17756256,"-22.8548","-43.2605"
679,679-GROTAO X MEIER (CIRCULAR),Fetranspor,474,17756256,"-22.8548","-43.2605"
679,679-GROTAO X MEIER (CIRCULAR),Fetranspor,475,17756256,"-22.8543","-43.2609"
679,679-GROTAO X MEIER (CIRCULAR),Fetranspor,476,17756256,"-22.8542","-43.2609"
679,679-GROTAO X MEIER (CIRCULAR),Fetranspor,477,17756256,"-22.8542","-43.2609"
679,679-GROTAO X MEIER (CIRCULAR),Fetranspor,478,17756256,"-22.8539","-43.2613"
679,679-GROTAO X MEIER (CIRCULAR),Fetranspor,479,17756256,"-22.8539","-43.2613"
679,679-GROTAO X MEIER (CIRCULAR),Fetranspor,480,17756256,"-22.8534","-43.2618"
679,679-GROTAO X MEIER (CIRCULAR),Fetranspor,481,17756256,"-22.8529","-43.2621"
679,679-GROTAO X MEIER (CIRCULAR),Fetranspor,482,17756256,"-22.8528","-43.2622"
679,679-GROTAO X MEIER (CIRCULAR),Fetranspor,483,17756256,"-22.8517","-43.2631"
679,679-GROTAO X MEIER (CIRCULAR),Fetranspor,484,17756256,"-22.851","-43.2636"
679,679-GROTAO X MEIER (CIRCULAR),Fetranspor,485,17756256,"-22.851","-43.2636"
679,679-GROTAO X MEIER (CIRCULAR),Fetranspor,486,17756256,"-22.851","-43.2636"
679,679-GROTAO X MEIER (CIRCULAR),Fetranspor,487,17756256,"-22.851","-43.2637"
679,679-GROTAO X MEIER (CIRCULAR),Fetranspor,488,17756256,"-22.8511","-43.2638"
679,679-GROTAO X MEIER (CIRCULAR),Fetranspor,489,17756256,"-22.8511","-43.2638"
679,679-GROTAO X MEIER (CIRCULAR),Fetranspor,490,17756256,"-22.8513","-43.2642"
679,679-GROTAO X MEIER (CIRCULAR),Fetranspor,491,17756256,"-22.8513","-43.2642"
679,679-GROTAO X MEIER (CIRCULAR),Fetranspor,492,17756256,"-22.8506","-43.2647"
679,679-GROTAO X MEIER (CIRCULAR),Fetranspor,493,17756256,"-22.8506","-43.2647"
679,679-GROTAO X MEIER (CIRCULAR),Fetranspor,494,17756256,"-22.8506","-43.2648"
679,679-GROTAO X MEIER (CIRCULAR),Fetranspor,495,17756256,"-22.8505","-43.2649"
679,679-GROTAO X MEIER (CIRCULAR),Fetranspor,496,17756256,"-22.8497","-43.2658"
679,679-GROTAO X MEIER (CIRCULAR),Fetranspor,497,17756256,"-22.8496","-43.2659"
679,679-GROTAO X MEIER (CIRCULAR),Fetranspor,498,17756256,"-22.8496","-43.2659"
679,679-GROTAO X MEIER (CIRCULAR),Fetranspor,499,17756256,"-22.8489","-43.2665"
679,679-GROTAO X MEIER (CIRCULAR),Fetranspor,500,17756256,"-22.8489","-43.2665"
679,679-GROTAO X MEIER (CIRCULAR),Fetranspor,501,17756256,"-22.8488","-43.2665"
679,679-GROTAO X MEIER (CIRCULAR),Fetranspor,502,17756256,"-22.8487","-43.2665"
679,679-GROTAO X MEIER (CIRCULAR),Fetranspor,503,17756256,"-22.8486","-43.2664"
679,679-GROTAO X MEIER (CIRCULAR),Fetranspor,504,17756256,"-22.8486","-43.2664"
679,679-GROTAO X MEIER (CIRCULAR),Fetranspor,505,17756256,"-22.8486","-43.2664"
679,679-GROTAO X MEIER (CIRCULAR),Fetranspor,506,17756256,"-22.848","-43.2659"
679,679-GROTAO X MEIER (CIRCULAR),Fetranspor,507,17756256,"-22.848","-43.2659"
679,679-GROTAO X MEIER (CIRCULAR),Fetranspor,508,17756256,"-22.848","-43.2659"
679,679-GROTAO X MEIER (CIRCULAR),Fetranspor,509,17756256,"-22.8479","-43.2659"
679,679-GROTAO X MEIER (CIRCULAR),Fetranspor,510,17756256,"-22.8472","-43.2665"
679,679-GROTAO X MEIER (CIRCULAR),Fetranspor,511,17756256,"-22.8469","-43.2667"
679,679-GROTAO X MEIER (CIRCULAR),Fetranspor,512,17756256,"-22.8469","-43.2667"
679,679-GROTAO X MEIER (CIRCULAR),Fetranspor,513,17756256,"-22.8462","-43.2673"
679,679-GROTAO X MEIER (CIRCULAR),Fetranspor,514,17756256,"-22.8455","-43.2679"
679,679-GROTAO X MEIER (CIRCULAR),Fetranspor,515,17756256,"-22.8452","-43.2681"
679,679-GROTAO X MEIER (CIRCULAR),Fetranspor,516,17756256,"-22.8452","-43.2681"
679,679-GROTAO X MEIER (CIRCULAR),Fetranspor,517,17756256,"-22.8451","-43.2682"
679,679-GROTAO X MEIER (CIRCULAR),Fetranspor,518,17756256,"-22.8449","-43.2683"
679,679-GROTAO X MEIER (CIRCULAR),Fetranspor,519,17756256,"-22.8449","-43.2683"
679,679-GROTAO X MEIER (CIRCULAR),Fetranspor,520,17756256,"-22.8442","-43.2689"
679,679-GROTAO X MEIER (CIRCULAR),Fetranspor,521,17756256,"-22.8435","-43.2695"
679,679-GROTAO X MEIER (CIRCULAR),Fetranspor,522,17756256,"-22.8435","-43.2696"
679,679-GROTAO X MEIER (CIRCULAR),Fetranspor,523,17756256,"-22.8435","-43.2696"
679,679-GROTAO X MEIER (CIRCULAR),Fetranspor,524,17756256,"-22.8433","-43.2699"
679,679-GROTAO X MEIER (CIRCULAR),Fetranspor,525,17756256,"-22.8431","-43.2702"
679,679-GROTAO X MEIER (CIRCULAR),Fetranspor,526,17756256,"-22.8429","-43.2705"
679,679-GROTAO X MEIER (CIRCULAR),Fetranspor,527,17756256,"-22.8429","-43.2706"
679,679-GROTAO X MEIER (CIRCULAR),Fetranspor,528,17756256,"-22.8429","-43.2706"
679,679-GROTAO X MEIER (CIRCULAR),Fetranspor,529,17756256,"-22.8425","-43.2718"
679,679-GROTAO X MEIER (CIRCULAR),Fetranspor,530,17756256,"-22.8425","-43.2718"
679,679-GROTAO X MEIER (CIRCULAR),Fetranspor,531,17756256,"-22.842","-43.2737"
679,679-GROTAO X MEIER (CIRCULAR),Fetranspor,532,17756256,"-22.842","-43.2737"
679,679-GROTAO X MEIER (CIRCULAR),Fetranspor,533,17756256,"-22.8418","-43.2743"
679,679-GROTAO X MEIER (CIRCULAR),Fetranspor,534,17756256,"-22.8418","-43.2743"
679,679-GROTAO X MEIER (CIRCULAR),Fetranspor,535,17756256,"-22.8417","-43.2744"
679,679-GROTAO X MEIER (CIRCULAR),Fetranspor,536,17756256,"-22.8417","-43.2746"
679,679-GROTAO X MEIER (CIRCULAR),Fetranspor,537,17756256,"-22.8416","-43.2746"
679,679-GROTAO X MEIER (CIRCULAR),Fetranspor,538,17756256,"-22.8416","-43.2748"
679,679-GROTAO X MEIER (CIRCULAR),Fetranspor,539,17756256,"-22.8416","-43.2748"
679,679-GROTAO X MEIER (CIRCULAR),Fetranspor,540,17756256,"-22.8415","-43.2751"
679,679-GROTAO X MEIER (CIRCULAR),Fetranspor,541,17756256,"-22.8413","-43.2757"
679,679-GROTAO X MEIER (CIRCULAR),Fetranspor,542,17756256,"-22.8413","-43.2757"
679,679-GROTAO X MEIER (CIRCULAR),Fetranspor,543,17756256,"-22.8412","-43.2762"
679,679-GROTAO X MEIER (CIRCULAR),Fetranspor,544,17756256,"-22.8411","-43.2764"
679,679-GROTAO X MEIER (CIRCULAR),Fetranspor,545,17756256,"-22.8411","-43.2766"
679,679-GROTAO X MEIER (CIRCULAR),Fetranspor,546,17756256,"-22.8411","-43.2766"
679,679-GROTAO X MEIER (CIRCULAR),Fetranspor,547,17756256,"-22.841","-43.277"
679,679-GROTAO X MEIER (CIRCULAR),Fetranspor,548,17756256,"-22.841","-43.277"
679,679-GROTAO X MEIER (CIRCULAR),Fetranspor,549,17756256,"-22.8405","-43.2787"
679,679-GROTAO X MEIER (CIRCULAR),Fetranspor,550,17756256,"-22.8405","-43.2787"
679,679-GROTAO X MEIER (CIRCULAR),Fetranspor,551,17756256,"-22.8403","-43.2792"
679,679-GROTAO X MEIER (CIRCULAR),Fetranspor,552,17756256,"-22.8403","-43.2792"
679,679-GROTAO X MEIER (CIRCULAR),Fetranspor,553,17756256,"-22.8401","-43.2798"
679,679-GROTAO X MEIER (CIRCULAR),Fetranspor,554,17756256,"-22.8401","-43.2798"
679,679-GROTAO X MEIER (CIRCULAR),Fetranspor,555,17756256,"-22.8399","-43.2804"
679,679-GROTAO X MEIER (CIRCULAR),Fetranspor,556,17756256,"-22.8399","-43.2804"
679,679-GROTAO X MEIER (CIRCULAR),Fetranspor,557,17756256,"-22.8396","-43.2814"
679,679-GROTAO X MEIER (CIRCULAR),Fetranspor,558,17756256,"-22.8396","-43.2815"
679,679-GROTAO X MEIER (CIRCULAR),Fetranspor,559,17756256,"-22.8396","-43.2816"
679,679-GROTAO X MEIER (CIRCULAR),Fetranspor,560,17756256,"-22.8396","-43.2816"
679,679-GROTAO X MEIER (CIRCULAR),Fetranspor,561,17756256,"-22.8396","-43.2816"
679,679-GROTAO X MEIER (CIRCULAR),Fetranspor,562,17756256,"-22.8399","-43.2818"
679,679-GROTAO X MEIER (CIRCULAR),Fetranspor,563,17756256,"-22.8399","-43.2818"
679,679-GROTAO X MEIER (CIRCULAR),Fetranspor,564,17756256,"-22.8399","-43.2819"
679,679-GROTAO X MEIER (CIRCULAR),Fetranspor,565,17756256,"-22.8399","-43.2819"
679,679-GROTAO X MEIER (CIRCULAR),Fetranspor,566,17756256,"-22.8399","-43.282"
679,679-GROTAO X MEIER (CIRCULAR),Fetranspor,567,17756256,"-22.8399","-43.2821"
679,679-GROTAO X MEIER (CIRCULAR),Fetranspor,568,17756256,"-22.8399","-43.2821"
679,679-GROTAO X MEIER (CIRCULAR),Fetranspor,569,17756256,"-22.8396","-43.2825"
679,679-GROTAO X MEIER (CIRCULAR),Fetranspor,570,17756256,"-22.8396","-43.2825"
679,679-GROTAO X MEIER (CIRCULAR),Fetranspor,571,17756256,"-22.8397","-43.2827"
679,679-GROTAO X MEIER (CIRCULAR),Fetranspor,572,17756256,"-22.8421","-43.2853"
679,679-GROTAO X MEIER (CIRCULAR),Fetranspor,573,17756256,"-22.8421","-43.2853"
679,679-GROTAO X MEIER (CIRCULAR),Fetranspor,574,17756256,"-22.8428","-43.2861"
679,679-GROTAO X MEIER (CIRCULAR),Fetranspor,575,17756256,"-22.8428","-43.2861"
679,679-GROTAO X MEIER (CIRCULAR),Fetranspor,576,17756256,"-22.8435","-43.2869"
679,679-GROTAO X MEIER (CIRCULAR),Fetranspor,577,17756256,"-22.8435","-43.2869"
679,679-GROTAO X MEIER (CIRCULAR),Fetranspor,578,17756256,"-22.8442","-43.2876"
679,679-GROTAO X MEIER (CIRCULAR),Fetranspor,579,17756256,"-22.8442","-43.2876"
679,679-GROTAO X MEIER (CIRCULAR),Fetranspor,580,17756256,"-22.8443","-43.2877"
679,679-GROTAO X MEIER (CIRCULAR),Fetranspor,581,17756256,"-22.8445","-43.288"
679,679-GROTAO X MEIER (CIRCULAR),Fetranspor,582,17756256,"-22.8449","-43.2883"
679,679-GROTAO X MEIER (CIRCULAR),Fetranspor,583,17756256,"-22.8449","-43.2883"
679,679-GROTAO X MEIER (CIRCULAR),Fetranspor,584,17756256,"-22.8456","-43.2889"
679,679-GROTAO X MEIER (CIRCULAR),Fetranspor,585,17756256,"-22.8456","-43.2889"
679,679-GROTAO X MEIER (CIRCULAR),Fetranspor,586,17756256,"-22.8462","-43.2896"
679,679-GROTAO X MEIER (CIRCULAR),Fetranspor,587,17756256,"-22.8462","-43.2896"
679,679-GROTAO X MEIER (CIRCULAR),Fetranspor,588,17756256,"-22.8462","-43.2896"
679,679-GROTAO X MEIER (CIRCULAR),Fetranspor,589,17756256,"-22.8463","-43.2896"
679,679-GROTAO X MEIER (CIRCULAR),Fetranspor,590,17756256,"-22.8468","-43.2902"
679,679-GROTAO X MEIER (CIRCULAR),Fetranspor,591,17756256,"-22.8468","-43.2902"
679,679-GROTAO X MEIER (CIRCULAR),Fetranspor,592,17756256,"-22.8473","-43.2897"
679,679-GROTAO X MEIER (CIRCULAR),Fetranspor,593,17756256,"-22.8473","-43.2896"
679,679-GROTAO X MEIER (CIRCULAR),Fetranspor,594,17756256,"-22.8473","-43.2896"
679,679-GROTAO X MEIER (CIRCULAR),Fetranspor,595,17756256,"-22.8474","-43.2896"
679,679-GROTAO X MEIER (CIRCULAR),Fetranspor,596,17756256,"-22.8476","-43.2898"
679,679-GROTAO X MEIER (CIRCULAR),Fetranspor,597,17756256,"-22.848","-43.2901"
679,679-GROTAO X MEIER (CIRCULAR),Fetranspor,598,17756256,"-22.848","-43.2901"
679,679-GROTAO X MEIER (CIRCULAR),Fetranspor,599,17756256,"-22.8475","-43.2908"
